0.285882 0.065456 0.349955
0.270305 0.085399 0.349960
0.348592 0.144690 0.349989
0.343029 -0.028155 0.349946
0.340608 0.008237 0.349973
0.255345 -0.046454 0.349879
0.276037 0.048874 0.349894
0.350922 -0.000853 0.349948
0.441507 0.014468 0.349970
0.332853 -0.019585 0.349976
-0.027766 -0.166224 0.349668
-0.155832 -0.063566 0.349651
0.251032 0.120595 0.349966
0.294370 0.035531 0.349972
0.341710 0.036312 0.349974
0.395755 -0.020342 0.349966
0.353769 0.032858 0.349947
0.298850 -0.002450 0.349976
0.366335 0.132501 0.349976
0.361821 0.027877 0.349976
0.370565 -0.011499 0.349968
0.275634 0.030470 0.349972
0.380059 0.057602 0.349977
0.327934 0.149672 0.349955
0.293407 -0.021876 0.349975
0.367725 0.011502 0.349977
0.420098 0.034807 0.349970
0.282340 -0.009947 0.349970
0.258415 0.011251 0.349972
0.396356 0.083826 0.349978
0.378984 0.064863 0.349977
0.435548 0.109482 0.349978
-0.021499 -0.163982 0.349716
0.289412 0.145460 0.349957
0.283622 -0.063846 0.349943
0.267440 0.125895 0.349971
0.274907 0.057870 0.349974
0.340518 -0.039299 0.349977
0.387949 -0.000586 0.349967
0.290124 0.103212 0.349970
0.322307 -0.058989 0.349965
0.363349 0.081014 0.349979
0.316103 0.104598 0.349942
0.285840 0.052414 0.349962
0.298327 0.127930 0.349967
0.340340 0.095455 0.349974
0.276048 0.180126 0.349898
0.395124 0.127240 0.349975
0.249351 -0.023169 0.349971
0.372946 -0.032267 0.349976
0.312021 0.079360 0.349973
0.277008 0.121314 0.349976
0.419585 0.144668 0.349967
0.366119 -0.021526 0.349978
0.274858 0.136165 0.349978
0.275695 -0.012318 0.349974
0.350113 0.094903 0.350006
0.357273 -0.023495 0.349975
0.400306 0.072767 0.349976
0.267001 0.032761 0.349975
0.087113 0.060439 0.349818
0.280895 0.008090 0.349979
0.375705 -0.013138 0.349973
0.391547 0.076471 0.349971
0.432128 0.161672 0.349962
0.339745 0.108866 0.349960
0.421478 -0.001982 0.349971
0.321918 0.088780 0.349974
0.394607 0.053999 0.349977
0.256479 0.017084 0.349920
0.408776 0.092118 0.349968
0.172125 0.020970 0.349889
0.358627 0.114297 0.349974
0.398987 0.105277 0.349974
0.294529 -0.023831 0.349978
0.443999 0.138316 0.349979
0.362284 0.048614 0.349969
0.324971 -0.031247 0.349976
0.299557 0.049047 0.349938
0.346133 0.117241 0.349974
0.430711 0.158154 0.349961
0.322849 -0.009896 0.349979
0.405687 -0.010805 0.349977
0.319494 -0.039003 0.349962
0.340825 -0.002884 0.349970
0.278281 0.043930 0.349960
0.319479 0.123328 0.349971
0.396291 -0.029686 0.349973
0.311256 0.026650 0.349972
0.261241 0.001112 0.349977
0.323330 -0.037967 0.349968
0.328789 0.104207 0.349963
0.357378 0.109754 0.349969
0.012607 -0.181985 0.349741
0.341068 0.096789 0.349979
0.253000 0.121952 0.349970
0.346641 0.143859 0.349971
0.363998 -0.032547 0.349968
0.292620 -0.054164 0.349960
0.305377 0.025081 0.349955
0.374828 0.032932 0.349979
0.247353 0.076176 0.349968
0.290829 0.001242 0.349972
0.351192 0.033621 0.349977
0.340266 0.002738 0.349973
0.163668 -0.006023 0.349889
0.359322 0.094273 0.349967
0.205988 0.098305 0.349925
0.325712 -0.011395 0.349965
0.414142 0.101798 0.349971
0.436784 0.122177 0.349974
0.286453 0.055558 0.349974
0.440337 -0.016403 0.349978
0.367060 0.050844 0.349969
0.352609 0.094356 0.349966
0.436843 -0.030747 0.349973
0.339836 0.123496 0.349964
0.357278 0.127615 0.349977
0.408065 0.037282 0.349976
0.263068 -0.001979 0.349967
0.249571 0.024491 0.349954
0.391152 0.113135 0.349978
0.260629 0.027259 0.349950
0.340517 0.061620 0.349979
0.338556 0.147941 0.349976
0.418031 0.057540 0.349977
0.331538 0.042474 0.349947
0.443472 -0.014321 0.349971
0.349065 0.042955 0.349978
0.420527 -0.055263 0.349974
0.337363 -0.000999 0.349978
0.333847 -0.032954 0.349973
0.422736 -0.050681 0.349975
0.409582 0.046530 0.349969
0.344316 -0.033537 0.349968
0.315954 0.035521 0.349976
0.357162 0.001404 0.349972
0.321421 0.034606 0.349976
0.412125 0.084936 0.349978
0.280486 0.114951 0.349958
0.443249 0.018889 0.349978
0.256771 0.064741 0.349972
0.339182 -0.002901 0.349966
0.356129 0.074776 0.349977
0.339810 0.034122 0.349952
0.413433 0.088717 0.349971
0.354493 0.057931 0.349976
0.264206 -0.041004 0.349976
0.373368 0.047972 0.349975
0.339264 0.064059 0.349971
0.246026 -0.024939 0.349971
0.325771 0.032756 0.349977
0.451407 0.122223 0.349976
0.237302 -0.005947 0.349921
0.296245 0.088500 0.349958
0.436482 0.120610 0.349969
0.259477 0.103726 0.349974
0.431415 0.060558 0.349973
0.427827 -0.055709 0.349976
0.258912 0.035066 0.349975
0.348909 0.016198 0.349978
0.429803 0.048626 0.349979
0.360664 0.144065 0.349974
0.411664 0.126571 0.349976
0.331713 0.128802 0.349977
0.404358 -0.036283 0.349974
0.302950 0.142595 0.349967
0.384442 -0.023269 0.349974
0.441111 -0.005129 0.349974
0.433954 0.128888 0.349975
0.365332 0.056230 0.349977
0.307567 0.033419 0.349925
0.158604 0.047759 0.349842
0.349181 0.134750 0.349975
0.397240 0.095120 0.349972
0.342755 -0.036715 0.349978
0.331152 0.109620 0.349975
0.410780 0.044873 0.349966
0.269136 0.034527 0.349973
0.251350 0.034979 0.349973
0.296999 0.052184 0.349962
0.254245 0.075861 0.349963
0.043296 -0.106713 0.349769
0.401827 0.149714 0.349973
0.333807 0.042728 0.349980
0.227382 0.157105 0.349915
0.379962 0.079600 0.349972
0.279148 0.047835 0.349945
0.376594 -0.034758 0.349978
0.287135 0.079860 0.349975
0.248535 -0.019536 0.349973
0.301845 0.133688 0.349973
0.281148 0.087703 0.349979
0.250905 0.098550 0.349975
0.359227 -0.031750 0.349975
0.365099 0.147903 0.349974
0.348485 0.002716 0.349932
0.331073 0.083263 0.349977
0.273352 0.112838 0.349969
0.327403 0.088833 0.349977
0.295001 0.075849 0.349973
0.285185 0.123266 0.349970
0.302753 0.133710 0.349978
0.342213 0.057982 0.349967
0.412066 -0.022685 0.349975
0.308334 0.065421 0.349949
0.284772 0.141076 0.349974
0.379188 0.061621 0.349975
0.318225 0.032012 0.349921
0.404433 0.153536 0.349958
0.377470 0.104862 0.349975
0.298086 0.032121 0.349971
0.288627 0.110735 0.349980
0.299177 0.080683 0.349968
0.390423 0.007770 0.349975
0.358936 0.033264 0.349977
0.439596 -0.020968 0.349970
0.303320 0.114797 0.349976
0.466577 0.127533 0.349992
0.310923 0.005161 0.349967
0.425356 0.052105 0.349965
0.434482 -0.020897 0.349973
0.240104 0.063494 0.349966
0.348952 0.138615 0.349979
0.367439 0.122387 0.349973
0.294667 0.088137 0.349957
0.356022 0.078102 0.349976
0.293100 0.014215 0.349998
0.357916 0.060360 0.349971
0.355779 -0.030429 0.349949
0.376694 0.045433 0.349974
0.351791 0.143434 0.349972
0.387978 0.103263 0.349977
0.346321 0.072415 0.349980
0.330059 0.050271 0.349974
0.318247 0.056544 0.349962
0.410678 -0.008946 0.349971
0.286663 0.060805 0.349978
0.320935 0.093340 0.349974
0.367905 0.058000 0.349975
0.419164 0.115294 0.349967
0.303868 0.113914 0.349927
0.317187 0.061683 0.349945
0.318448 -0.036707 0.349972
0.318052 0.061685 0.349976
0.370898 0.104584 0.349974
0.303816 0.104877 0.349970
0.299069 0.103675 0.349973
0.265056 0.029536 0.349974
0.313912 0.116073 0.349961
0.282953 0.034376 0.349973
0.432464 -0.027019 0.349975
0.332247 0.102104 0.349975
0.306491 0.173738 0.349930
0.295579 -0.010884 0.349965
0.403113 0.144263 0.349972
0.372729 0.059420 0.349978
0.309865 0.122707 0.349963
0.309915 0.053682 0.349962
0.405969 -0.004979 0.349972
0.439388 0.085210 0.349977
0.283042 -0.025892 0.349972
0.316713 0.076047 0.349974
0.303063 -0.033792 0.349979
0.272572 0.121451 0.349969
0.379448 0.048017 0.349965
-0.221943 0.209151 0.349585
0.324555 0.144283 0.349975
0.427248 0.000168 0.349972
0.333751 0.001152 0.349974
0.336781 0.057465 0.349968
0.270508 0.100992 0.349976
0.362176 0.109244 0.349977
0.407670 0.021703 0.349975
0.256562 0.022073 0.349974
0.253563 -0.054461 0.349873
0.371388 0.073585 0.349977
0.387657 0.006555 0.349965
0.262504 0.115620 0.349973
0.334355 0.025305 0.349978
0.436770 0.035322 0.349974
0.367459 0.140231 0.349976
0.044053 -0.103017 0.349730
0.331414 0.056028 0.349963
0.325285 0.072293 0.349952
0.316956 0.088033 0.349965
0.266945 0.070046 0.349977
-0.215345 0.241412 0.349590
0.399014 0.091558 0.349968
0.406077 0.140615 0.349972
0.396194 0.115655 0.349965
0.373572 0.157190 0.349977
0.158819 0.090474 0.349879
0.325840 -0.014988 0.349976
0.000488 -0.235385 0.349673
0.275092 0.093401 0.349973
0.285151 0.163944 0.349967
0.373354 0.004735 0.349964
0.214126 0.146418 0.349945
0.389462 0.087351 0.349976
0.302690 0.041635 0.349931
0.294786 0.024698 0.349972
0.301304 0.086653 0.349908
0.372520 0.104304 0.349977
0.363551 0.139744 0.349975
0.438369 0.087492 0.349974
0.313265 -0.009678 0.349976
0.368680 0.156592 0.349965
0.343727 0.111847 0.349971
0.300677 0.089732 0.349977
0.293197 0.122172 0.349947
0.293790 -0.000458 0.349976
0.284470 0.079907 0.349922
0.347461 0.095397 0.349978
0.292787 0.078363 0.349971
0.379850 0.085845 0.349975
0.320840 0.105502 0.349978
0.371575 0.114691 0.349979
0.300896 0.045704 0.349961
0.305445 0.024042 0.349971
0.352393 0.024442 0.349970
0.277525 0.096851 0.349961
0.219664 0.000771 0.349950
0.305413 0.008841 0.349962
0.300610 0.149997 0.349973
0.256296 0.121199 0.349961
0.329854 0.003985 0.349974
0.291835 0.150128 0.349978
0.257331 0.083478 0.349975
0.408206 -0.007130 0.349973
0.436983 0.058482 0.349971
0.357422 0.013156 0.349964
0.420015 0.005223 0.349973
0.376759 0.149181 0.349978
0.280426 0.031541 0.349974
0.284457 0.008677 0.349978
0.370430 -0.027029 0.349974
0.277182 -0.010447 0.349971
0.357136 0.077166 0.349957
0.425097 -0.003269 0.349974
0.444384 -0.050187 0.349978
0.434194 0.139739 0.349964
0.282432 0.097550 0.349973
0.366303 0.099885 0.349971
0.427203 0.004276 0.349978
0.344113 0.146736 0.349974
0.269672 0.097941 0.349971
0.254210 0.145791 0.349978
0.316299 0.103812 0.349971
0.323852 -0.020816 0.349974
0.267727 0.119586 0.349956
0.329682 0.090161 0.349977
0.359091 0.105568 0.349978
0.431808 0.002302 0.349977
0.273473 0.077568 0.349974
0.322525 0.090723 0.349978
0.428754 -0.022317 0.349977
0.324577 -0.009228 0.349974
0.378126 0.002691 0.349976
0.294325 0.079366 0.349973
0.389296 -0.009339 0.349972
0.446777 -0.015486 0.349977
0.339235 -0.002031 0.349977
0.358054 0.131791 0.349978
0.156554 0.080061 0.349814
0.399729 -0.047571 0.349969
0.366568 0.021672 0.349970
0.165239 0.051336 0.349876
0.303296 0.068802 0.349965
0.256374 0.063452 0.349974
0.296832 0.020071 0.349974
0.314981 -0.017973 0.349956
0.339617 0.153665 0.349977
0.440509 0.027189 0.349979
0.300401 0.063388 0.349975
0.317695 0.009094 0.349942
0.321426 0.122637 0.349973
0.253695 -0.032549 0.349964
0.372733 0.133344 0.349971
0.363958 0.114622 0.349972
0.286730 -0.017103 0.349940
0.266465 0.108148 0.349972
0.418296 0.061523 0.349967
0.344497 0.087896 0.349974
0.329721 0.052650 0.349960
0.289000 0.072979 0.349976
0.445006 0.087314 0.349979
0.342947 -0.039371 0.349959
0.286013 0.083032 0.349975
0.265634 0.107366 0.349976
0.260083 -0.019510 0.349977
0.341003 0.040654 0.349981
0.307220 0.136199 0.349972
0.290303 0.023300 0.349940
0.288188 0.012501 0.349976
0.397256 -0.051040 0.349970
0.404360 0.049154 0.349977
0.276746 -0.043167 0.349949
0.360930 -0.006759 0.349974
0.392825 0.134619 0.349967
0.335149 0.087626 0.349962
0.272217 -0.036048 0.349975
0.321000 0.049185 0.349976
0.325224 0.109411 0.349960
0.284000 0.037558 0.349968
0.314775 0.090871 0.349904
0.349172 -0.054164 0.349975
0.162875 0.005982 0.349900
0.322912 0.007965 0.349979
0.438769 0.119888 0.349969
-0.118778 -0.074012 0.349649
0.259115 0.100478 0.349970
0.419308 0.084599 0.349974
0.276935 0.133237 0.349975
0.271874 0.129679 0.349971
0.308245 0.021463 0.349978
0.336486 -0.024714 0.349977
0.317978 -0.006913 0.349980
0.328391 0.014702 0.349968
0.233760 0.149911 0.349941
0.279321 0.103439 0.349972
0.292485 -0.048006 0.349975
0.313977 0.119320 0.349969
0.391712 0.110906 0.349969
0.342405 0.094524 0.349966
0.256713 0.131363 0.349964
0.303516 0.052432 0.349944
0.304214 0.126632 0.349979
0.268707 0.016477 0.349837
-0.152162 0.032705 0.349649
0.293251 0.107219 0.349977
0.327337 -0.002719 0.349963
0.337495 0.058793 0.349976
0.326915 -0.018733 0.349974
0.336543 0.044837 0.349961
0.301978 0.018954 0.349973
0.269862 0.065616 0.349971
0.284600 0.075753 0.349951
0.312635 -0.013568 0.349972
0.381231 0.092660 0.349976
0.305688 0.126849 0.349965
0.313847 0.086597 0.349972
0.403037 -0.003597 0.349971
0.431538 0.023944 0.349971
0.323606 0.037766 0.349967
0.322154 0.015434 0.349976
0.266505 0.069358 0.349972
0.259856 0.073124 0.349974
0.288748 0.087748 0.349969
0.264012 0.040977 0.349976
0.300187 -0.043655 0.349979
0.362623 0.082544 0.349969
-0.373917 0.191731 0.349470
0.434356 -0.025009 0.349980
0.299151 -0.046569 0.349975
0.384162 -0.030969 0.349965
0.334751 -0.041877 0.349975
0.365589 -0.038522 0.349966
0.442244 0.034900 0.349976
0.422051 0.135190 0.349976
0.322045 0.008458 0.349964
0.397465 -0.023441 0.349962
0.277457 -0.003984 0.349975
0.274474 0.037306 0.349973
0.279958 0.032319 0.349976
0.340293 0.112299 0.349977
0.417264 0.113393 0.349973
0.327597 0.122750 0.349968
0.336981 0.088863 0.349973
0.424398 0.161086 0.349970
0.305811 0.074834 0.349978
0.429650 0.094101 0.349971
0.326481 0.049637 0.349970
0.336547 -0.025368 0.349966
0.340208 -0.031294 0.349971
0.332106 -0.052890 0.349970
0.431482 0.121923 0.349972
0.371795 -0.031177 0.349963
0.465560 -0.023998 0.349994
0.296990 0.130074 0.349967
0.259619 0.116907 0.349972
0.334194 0.009597 0.349975
0.339334 0.114717 0.349954
0.303501 0.026368 0.349976
0.425938 -0.009919 0.349964
0.373181 -0.025569 0.349961
0.303675 0.099523 0.349977
0.281775 -0.016363 0.349971
0.322786 0.055840 0.349965
0.338154 -0.050767 0.349975
0.311209 -0.036551 0.349979
0.413003 0.089356 0.349979
0.452884 0.081576 0.349983
0.353779 0.081609 0.349973
0.288212 0.003780 0.349974
0.322791 0.071514 0.349975
0.382493 0.101132 0.349965
0.297975 0.049650 0.349975
0.350875 -0.016137 0.349961
0.322621 -0.038344 0.349976
0.351804 0.051199 0.349973
0.299413 0.157725 0.349973
0.301644 0.080643 0.349936
0.409566 -0.043967 0.349976
0.344095 0.018446 0.349978
0.336295 0.055359 0.349970
0.344432 0.105550 0.349976
0.429585 0.095730 0.349969
0.304699 0.031695 0.349970
0.386638 0.091397 0.349971
0.279631 0.032485 0.349967
0.287319 0.000758 0.349912
0.355398 -0.045482 0.349966
0.392388 -0.051809 0.349964
0.320225 0.114430 0.349968
0.273409 0.128442 0.349978
0.345932 0.054644 0.349990
0.297234 0.107719 0.349966
0.357458 0.118560 0.349969
0.328964 -0.001006 0.349977
0.346685 0.094464 0.349973
0.270556 0.058550 0.349968
0.304909 0.106360 0.349977
0.444401 0.099723 0.349978
0.307113 0.149392 0.349969
0.266873 0.069038 0.349965
0.336099 0.046113 0.349975
0.305650 0.118042 0.349976
0.409373 -0.056880 0.349963
0.437428 0.021492 0.349966
0.303130 0.127859 0.349960
0.294278 0.059602 0.349976
0.297637 0.049442 0.349977
0.268091 0.079419 0.349951
0.275765 0.049858 0.349959
0.344381 -0.010979 0.349975
0.448485 0.102153 0.349978
0.284371 0.023095 0.349963
0.327543 -0.003804 0.349942
0.349909 -0.027364 0.349985
0.393755 0.036600 0.349974
0.345871 0.098140 0.349978
0.297396 0.142451 0.349978
0.314131 0.128553 0.349980
0.283616 0.086492 0.349944
0.380206 0.029007 0.349978
0.302915 0.040206 0.349969
0.324974 0.132435 0.349973
0.346638 0.052768 0.349981
0.305706 -0.039878 0.349980
0.429413 0.099527 0.349978
0.346043 0.059874 0.349978
0.360871 -0.003305 0.349957
0.405001 0.012337 0.349968
0.304772 0.101165 0.349977
0.302694 -0.010588 0.349977
0.318828 0.089204 0.349977
0.379854 0.149092 0.349964
0.421861 -0.045117 0.349978
0.429900 0.101805 0.349976
0.344492 0.138587 0.349968
0.286684 -0.022004 0.349972
0.254663 0.082948 0.349975
0.328954 -0.027679 0.349967
0.258617 0.068476 0.349974
0.281392 -0.019687 0.349971
0.377337 0.020552 0.349977
0.244998 0.096648 0.349966
0.304185 -0.007017 0.349976
0.306097 -0.018248 0.349975
0.271797 -0.044416 0.349976
0.427533 0.010939 0.349974
0.453703 0.127033 0.349979
0.298472 0.012366 0.349971
0.358280 0.007511 0.349989
0.316459 0.006020 0.349955
0.347986 -0.016935 0.349967
0.435075 0.030235 0.349980
0.449005 0.071148 0.349976
0.281265 0.125824 0.349972
0.425637 -0.018673 0.349976
0.273347 0.010080 0.349971
0.395778 0.018134 0.349972
0.407416 0.001170 0.349976
0.347917 -0.036526 0.349975
0.331722 0.162502 0.349973
0.344918 0.021131 0.349978
0.271256 -0.035948 0.349977
0.401930 0.076449 0.349963
0.340652 0.031424 0.349973
0.293248 0.005318 0.349962
0.408287 0.071581 0.349961
0.387238 -0.004229 0.349974
0.413455 -0.004209 0.349961
0.294047 0.093392 0.349960
0.376738 0.052865 0.350005
0.401333 0.041397 0.349973
0.332956 -0.010306 0.349968
0.321925 0.013391 0.349969
0.301435 0.102677 0.349975
0.283810 0.126887 0.349973
0.388417 0.149732 0.349978
0.298238 0.086721 0.349972
0.257740 0.098568 0.349970
0.340485 0.112684 0.349976
0.353596 0.005124 0.349974
0.257614 0.119178 0.349964
0.291665 0.099191 0.349977
0.408241 0.100754 0.349974
0.329127 0.019385 0.349978
0.441187 0.061516 0.349969
0.425601 0.087822 0.349978
0.330811 0.029467 0.349978
0.417448 0.108822 0.349962
0.355925 0.006112 0.349976
0.412922 -0.056764 0.349979
0.340353 0.081848 0.349976
0.313493 0.036636 0.349974
0.324544 -0.044025 0.349973
0.257760 0.131189 0.349963
0.387418 -0.010905 0.349967
0.319787 -0.029875 0.349972
0.388772 -0.040025 0.349963
0.355719 0.102537 0.349963
0.335050 0.101737 0.349967
0.258472 0.098072 0.349977
0.405693 0.146109 0.349977
0.323139 0.044079 0.349981
0.282532 0.023604 0.349967
0.368974 0.091095 0.349974
0.275622 0.070663 0.349962
0.307702 0.113601 0.349970
0.279053 0.106551 0.349974
0.433667 0.080792 0.349965
0.342933 -0.027917 0.349946
0.434437 0.016576 0.349973
0.358753 -0.009010 0.349978
0.395160 0.007682 0.349974
0.343934 0.085619 0.349961
0.393049 0.123380 0.349976
0.263333 0.142646 0.349975
0.425422 0.140790 0.349979
0.429457 -0.055589 0.349973
0.376303 -0.002791 0.349959
0.311000 -0.001583 0.349981
0.337632 0.006905 0.349955
0.370848 0.097758 0.349970
0.320610 0.124869 0.349951
0.285882 -0.007483 0.349975
0.304680 0.128222 0.349978
0.385213 0.005655 0.349977
0.350959 -0.049810 0.349949
0.273140 0.030303 0.349957
0.374207 -0.056553 0.349978
0.315196 0.050776 0.349966
0.436056 -0.004231 0.349976
0.321946 0.057681 0.349976
0.290237 0.085134 0.349966
0.427819 0.055135 0.349975
0.368554 0.075059 0.349978
0.429573 0.060160 0.349978
0.413756 0.103614 0.349972
0.257823 0.144151 0.349948
0.366816 0.024025 0.349975
0.437851 -0.044158 0.349963
0.365595 -0.053654 0.349966
0.349277 -0.026172 0.349973
0.284157 0.069312 0.349977
0.331316 0.130002 0.349969
0.332778 -0.012177 0.349975
0.385244 -0.036849 0.349972
0.270992 0.073133 0.349976
0.306899 0.056891 0.349966
0.287928 0.015983 0.349973
0.444717 -0.003592 0.349976
0.353574 0.055486 0.349974
0.318631 0.021392 0.349972
0.283283 0.020702 0.349974
0.363652 -0.028257 0.349961
0.274213 0.157244 0.349948
0.317003 0.128637 0.349972
0.275882 -0.009033 0.349975
0.296230 0.009758 0.349962
0.302473 0.086112 0.349978
0.315860 0.099172 0.349950
0.311212 -0.025654 0.349974
0.387294 0.098844 0.349976
0.353190 0.020256 0.349974
0.315524 -0.040755 0.349977
0.322948 0.097570 0.349978
0.420426 0.097599 0.349971
0.399604 0.094308 0.349974
0.400641 -0.001163 0.349973
0.368859 0.061848 0.349968
0.416180 0.149216 0.349963
0.333052 0.113186 0.349976
0.314656 0.087054 0.349978
0.275880 0.023401 0.349978
0.332199 -0.055432 0.349969
0.369622 0.073071 0.349965
0.315715 -0.001359 0.349970
0.370076 0.001662 0.349978
0.322911 0.088712 0.349972
0.379114 -0.021133 0.349965
0.328065 0.075107 0.349941
0.293534 -0.034113 0.349978
0.370515 0.074971 0.349969
0.345545 0.051551 0.349975
0.339808 0.117342 0.349971
0.319810 0.063377 0.349969
0.416041 0.001084 0.349984
-0.180281 0.192298 0.349591
0.384641 0.013057 0.349977
0.421698 -0.016348 0.349977
0.429437 -0.044637 0.349980
0.366940 0.096985 0.349969
0.410300 -0.013001 0.349975
0.267292 0.142688 0.349976
0.421778 0.082795 0.349970
0.317628 0.058191 0.349971
0.311466 0.143316 0.349976
0.316618 0.005734 0.349969
0.304975 0.106054 0.349963
0.329708 0.124685 0.349972
0.385228 0.070873 0.349971
0.444375 0.092086 0.349976
0.374498 0.037741 0.349979
0.374325 0.015511 0.349974
0.352873 0.080010 0.349969
0.393617 0.128317 0.349960
-0.159350 0.124605 0.349627
0.306632 0.143104 0.349977
0.339609 0.055656 0.349970
0.402004 0.139215 0.349969
0.295958 0.052604 0.349977
0.369370 -0.052996 0.349972
0.380267 -0.005097 0.349970
0.335249 -0.043276 0.349964
0.419786 -0.042539 0.349965
0.426197 0.141424 0.349968
0.296406 0.135502 0.349979
0.322799 0.089874 0.349972
0.366293 0.140825 0.349977
0.318448 -0.052133 0.349966
0.436160 0.075831 0.349970
0.319817 0.073389 0.349976
0.297611 -0.019929 0.349969
0.371917 0.051104 0.349981
0.416671 -0.030074 0.349978
0.332624 0.094085 0.349963
0.347359 0.100504 0.349966
0.361711 0.080977 0.349978
0.307867 0.013258 0.349979
0.310781 0.010316 0.349973
0.399783 -0.017006 0.349974
0.366575 -0.012596 0.349978
0.417829 0.083830 0.349969
0.297065 0.079618 0.349976
0.264453 0.051374 0.349978
0.338410 0.137718 0.349979
0.430774 -0.060663 0.349977
0.330526 0.051259 0.349974
0.419659 0.057434 0.349953
0.341087 0.019630 0.349969
0.310640 -0.011058 0.349977
0.280605 0.095483 0.349979
0.326191 -0.004693 0.349964
0.398558 0.038394 0.349975
0.319346 0.030985 0.349977
0.374244 0.122647 0.349974
0.434242 -0.013600 0.349977
0.436578 -0.021649 0.349978
0.357344 0.024152 0.349976
0.278277 -0.033534 0.349974
0.327688 -0.001487 0.349964
0.414381 0.012555 0.349966
0.432705 0.072458 0.349973
0.355266 -0.029862 0.349975
0.342677 -0.044595 0.349975
0.271157 0.102082 0.349968
0.293612 0.035069 0.349971
0.317208 0.086976 0.349963
0.384490 -0.023831 0.349954
0.390865 0.113514 0.349972
0.345349 0.026972 0.349974
0.446892 0.018701 0.349974
0.295206 0.054199 0.349977
0.305251 -0.030180 0.349975
0.302624 0.031323 0.349970
0.371828 0.068457 0.349979
0.340071 -0.041802 0.349978
0.327895 0.061185 0.349969
0.279461 0.037179 0.349976
0.386581 -0.034043 0.349979
0.270842 0.089860 0.349978
0.280464 0.012559 0.349960
0.399500 -0.025179 0.349970
0.376356 0.013146 0.349974
0.330699 -0.027391 0.349978
0.406437 0.134846 0.349977
0.396474 0.026859 0.349972
0.300040 -0.027519 0.349968
0.321329 -0.030463 0.349970
0.351096 0.109866 0.349975
0.345475 -0.007977 0.349977
0.407010 0.051405 0.349977
0.426877 0.012943 0.349978
0.276768 0.084365 0.349967
0.408213 -0.064713 0.349958
0.381905 -0.019959 0.349975
0.349642 0.019611 0.349962
0.441676 -0.045607 0.349973
0.360630 0.044232 0.349975
0.360164 -0.025636 0.349979
0.300469 0.023569 0.349949
0.275936 0.136731 0.349975
0.446321 0.038589 0.349974
0.299553 0.038666 0.349974
0.406410 0.022636 0.349975
0.325254 0.000838 0.349967
0.445872 0.086567 0.349976
0.274054 -0.038416 0.349978
0.437855 -0.044280 0.349979
0.307789 0.087734 0.349977
0.295486 -0.003969 0.349965
0.379283 0.081098 0.349965
0.359830 0.102660 0.349967
0.357012 0.106766 0.349973
0.283651 -0.003979 0.349924
0.413348 0.077543 0.349972
0.386099 0.125997 0.349971
0.297017 -0.014382 0.349971
0.261382 0.131502 0.349969
0.329623 0.096694 0.349977
0.311709 0.122269 0.349972
0.322417 -0.061080 0.349966
0.369470 0.034785 0.349975
0.325766 0.070437 0.349961
0.399547 0.005462 0.349970
0.379197 -0.057272 0.349974
0.339362 0.071748 0.349977
0.277083 0.047704 0.349972
0.333566 -0.013426 0.349978
0.411872 0.053921 0.349963
0.340335 0.057460 0.349967
0.328893 0.100818 0.349975
0.437467 -0.017462 0.349978
0.320570 0.025858 0.349950
0.298067 -0.056684 0.349954
0.278801 -0.040810 0.349888
0.299508 0.066226 0.349976
0.410936 0.034397 0.349971
0.358006 0.050099 0.349976
0.306089 -0.024045 0.349968
0.274824 0.083522 0.349957
0.358889 -0.045031 0.349964
0.278861 0.086769 0.349976
0.313778 -0.017939 0.349973
0.295140 0.059578 0.349960
0.356526 0.121026 0.349978
0.383225 0.014829 0.349957
0.447455 0.036323 0.349976
0.378548 0.048884 0.349978
0.328458 0.025937 0.349975
0.357376 0.073362 0.349978
0.322517 -0.021314 0.349973
0.321968 0.113260 0.349968
0.319215 0.101288 0.349965
0.336811 -0.063912 0.349970
0.362150 0.127475 0.349975
0.388308 0.042062 0.349974
0.356867 0.099341 0.349965
0.274355 0.057533 0.349976
0.343475 0.056866 0.349973
0.379335 0.007064 0.349955
0.300103 0.140100 0.349975
0.309764 0.113443 0.349964
0.333642 0.069372 0.349978
0.278812 0.093957 0.349976
0.335467 0.114120 0.349956
0.317207 0.121472 0.349975
0.313251 0.131832 0.349979
0.404637 0.011957 0.349973
0.377265 0.012584 0.349971
0.369239 0.047535 0.349974
0.309098 0.092882 0.349976
0.358336 0.031506 0.349977
0.312227 0.110586 0.349973
0.343958 0.082492 0.349975
0.405275 0.056124 0.349971
0.428278 -0.013546 0.349987
0.337484 -0.039259 0.349961
0.433982 0.031629 0.349975
0.349765 -0.013147 0.349964
0.404611 0.044023 0.349974
-0.175616 -0.341902 0.349521
0.317991 0.120632 0.349975
0.288344 0.017077 0.349893
0.425101 0.091440 0.349962
0.388908 0.112034 0.349975
0.357429 -0.064086 0.349973
0.439376 -0.036170 0.349966
0.283087 -0.107057 0.349913
0.431162 -0.018379 0.349976
0.299654 0.103774 0.349965
0.436209 0.106940 0.349971
0.341949 0.002727 0.349962
0.295203 0.140501 0.349943
0.307804 0.120158 0.349971
0.294372 0.123043 0.349970
0.325317 0.122599 0.349978
0.362838 -0.025242 0.349943
0.319784 0.110967 0.349960
0.384964 0.012925 0.349975
0.289608 -0.003443 0.349940
0.350000 0.078513 0.349978
0.269289 0.104054 0.349955
0.317841 0.081106 0.349942
0.329135 -0.014907 0.349958
0.298154 0.127502 0.349965
0.313243 0.127242 0.349972
0.321926 -0.020641 0.349937
0.355415 0.145535 0.349959
0.331663 -0.015272 0.349962
0.356569 0.064879 0.349976
0.324225 -0.010431 0.349952
0.342214 0.032635 0.349958
0.290142 0.121426 0.349975
0.375562 -0.062624 0.349968
0.361838 0.068565 0.349977
0.350324 0.076362 0.349978
0.299265 0.132053 0.349943
0.376322 -0.036124 0.349950
0.298204 0.000016 0.349895
0.361893 -0.034113 0.349954
0.436694 0.053687 0.349975
0.379008 -0.005749 0.349914
0.371328 -0.000662 0.349977
0.364022 -0.032178 0.349951
0.362763 0.066048 0.349978
0.362089 0.086431 0.349972
0.310100 0.025330 0.349972
0.256056 0.084703 0.349978
0.413158 0.116941 0.349973
0.334003 0.128187 0.349971
0.429656 0.132062 0.349978
0.310250 0.023500 0.349967
0.372149 0.116913 0.349975
0.321959 0.011982 0.349982
0.420895 0.144360 0.349973
0.275891 0.095830 0.349956
0.403440 -0.052447 0.349977
0.328059 0.101566 0.349978
0.313966 0.084362 0.349935
0.337541 0.037139 0.349965
0.315200 0.008494 0.349975
0.398001 -0.024543 0.349974
0.310970 -0.030903 0.349982
0.343067 0.107170 0.349972
0.329601 -0.020080 0.349976
0.328295 0.128303 0.349972
0.286409 0.046827 0.349972
0.336525 0.091184 0.349976
0.274515 0.084908 0.349967
0.324799 0.009947 0.349974
0.278532 0.068244 0.349962
0.301414 0.123640 0.349963
0.300764 0.093611 0.349957
0.278027 0.078426 0.349971
0.421726 0.008667 0.349972
0.303305 0.136917 0.349975
0.441741 -0.032503 0.349969
0.330449 -0.047580 0.349977
0.303810 0.001052 0.349964
0.408073 0.026670 0.349951
0.309031 -0.063145 0.349962
0.434551 -0.033246 0.349969
0.323050 0.108553 0.349972
0.443905 -0.021277 0.349981
0.351892 -0.010715 0.349975
0.263198 0.085871 0.349975
0.301470 0.121892 0.349968
0.464360 0.086731 0.350002
0.340956 -0.044829 0.349978
0.349827 0.057552 0.349975
0.370683 0.043010 0.349970
0.325044 0.110990 0.349981
0.421943 -0.029041 0.349959
0.326869 -0.036320 0.349968
0.358885 -0.032162 0.349949
0.403232 0.131152 0.349973
0.359228 0.105274 0.349969
0.371963 -0.003782 0.349975
0.341778 -0.007524 0.349941
0.329013 -0.020761 0.349951
0.251959 0.076477 0.349970
0.412233 0.128613 0.349977
0.370910 0.013363 0.349958
0.259488 0.047828 0.349973
0.283367 0.131884 0.349977
0.278165 0.118645 0.349971
0.361738 0.131457 0.349974
0.421141 -0.032557 0.349972
0.380150 -0.024898 0.349976
0.258012 0.098910 0.349977
0.463258 -0.019173 0.349988
0.348196 0.012122 0.349976
0.377375 -0.064212 0.349974
0.283745 0.093684 0.349972
0.365508 -0.047126 0.349978
0.293785 0.052249 0.349954
0.268877 0.098963 0.349966
0.410653 0.086744 0.349973
0.364595 -0.032518 0.349954
0.300638 -0.045124 0.349982
0.371068 -0.023898 0.349977
0.334143 -0.055550 0.349965
0.360030 -0.011474 0.349968
0.338110 -0.036138 0.349964
0.285917 0.049365 0.349970
0.249733 0.113328 0.349959
0.393665 0.010840 0.349952
0.377131 -0.034578 0.349972
0.270878 0.087909 0.349969
0.319926 0.030036 0.349978
0.309080 0.069537 0.349945
0.285490 0.051222 0.349975
0.420086 -0.023876 0.349987
0.405154 0.113156 0.349959
0.306076 -0.077574 0.349948
0.382831 -0.050031 0.349974
0.325317 0.050814 0.349971
0.313781 0.025427 0.349977
0.255786 0.091130 0.349968
0.455808 0.012213 0.349982
0.405733 0.047536 0.349974
0.433736 0.099832 0.349965
0.299558 -0.027336 0.349978
0.414997 0.141768 0.349978
0.311718 0.027657 0.349967
0.352586 0.078821 0.349970
0.309883 0.050952 0.349975
0.332463 0.056086 0.349970
0.319060 -0.018010 0.349978
0.302926 0.037901 0.349944
0.297558 0.079701 0.349971
0.302215 0.063684 0.349978
0.431869 -0.051478 0.349979
0.326427 0.104071 0.349968
0.373940 -0.023353 0.349973
0.269803 0.122762 0.349970
0.295235 -0.050299 0.349964
0.283217 0.054081 0.349962
0.422285 -0.035965 0.349970
0.419676 0.160765 0.349968
0.337336 0.064918 0.349972
0.415210 0.020902 0.349967
0.407862 -0.017798 0.349976
0.310726 0.056460 0.349977
0.288316 0.115902 0.349948
0.409621 0.011600 0.349976
0.334751 0.095704 0.349978
0.402201 -0.004194 0.349973
0.449653 0.030395 0.349977
0.361333 0.028844 0.349956
0.438556 -0.019152 0.349990
0.384182 0.043057 0.349965
0.329900 0.105689 0.349951
0.293988 0.069677 0.349965
0.364582 -0.046781 0.349972
0.334239 0.001040 0.349972
0.361182 -0.046290 0.349973
0.278982 0.103076 0.349969
0.331523 0.060555 0.349977
0.368993 0.064626 0.349976
0.367250 0.076669 0.349992
0.367465 0.150830 0.349976
0.370035 0.114652 0.349975
0.358239 -0.050897 0.349972
0.439457 -0.016065 0.349979
0.395895 0.004842 0.349985
0.390726 0.127281 0.349977
0.253808 0.098817 0.349970
0.393918 0.040305 0.349960
0.278615 -0.014914 0.349973
0.385034 0.120411 0.349971
0.293527 0.082480 0.349961
0.292154 0.071990 0.349959
0.353242 0.006364 0.349966
0.377286 -0.012366 0.349979
0.414401 0.044868 0.349977
0.310885 0.079488 0.349975
0.345003 0.100402 0.349974
0.433921 -0.028735 0.349961
0.274347 0.128677 0.349971
0.284826 -0.054220 0.349967
0.331612 0.036170 0.349976
0.404638 0.077458 0.349994
0.312970 -0.024941 0.349965
0.273409 0.066326 0.349966
0.433105 -0.071564 0.349961
0.410769 0.031797 0.349975
0.251303 0.104328 0.349976
0.420845 0.135599 0.349978
0.373531 -0.025478 0.349969
0.390502 -0.065889 0.349972
0.437969 0.120014 0.349979
0.311416 0.001886 0.349975
0.307062 0.071810 0.349977
0.346817 -0.036788 0.349978
0.419173 0.024268 0.349975
0.442395 -0.016717 0.349972
0.348222 0.005348 0.349974
0.395078 -0.024269 0.349964
0.314395 0.048328 0.349973
0.408184 -0.048836 0.349964
0.294418 0.049055 0.349966
0.295321 -0.009589 0.349893
0.438113 -0.053281 0.349971
0.411889 0.115438 0.349976
0.399281 0.098273 0.349970
0.335791 0.083770 0.349978
0.282455 0.053275 0.349972
0.302939 -0.007667 0.349962
0.346522 0.046494 0.349968
0.323794 0.026902 0.349977
0.372727 0.157892 0.349976
0.281383 0.127524 0.349965
0.338111 -0.002451 0.349977
0.337184 0.060984 0.349975
0.369154 -0.027258 0.349953
0.362692 0.011084 0.349974
0.333175 -0.013190 0.349953
0.342116 -0.009433 0.349977
0.258569 -0.067896 0.349967
0.310607 0.004031 0.349971
0.428425 -0.026255 0.349966
0.453293 0.059808 0.349978
0.265682 0.139261 0.349975
0.276812 -0.010484 0.349973
0.285421 0.100718 0.349969
0.404026 -0.057612 0.349962
0.421498 0.007847 0.349977
0.259438 0.039889 0.349972
0.342586 0.073714 0.349969
0.282949 0.144911 0.349974
0.279339 0.094505 0.349975
0.308408 0.042833 0.349979
0.268751 0.082468 0.349981
0.316651 0.093042 0.349977
0.306516 -0.006350 0.349956
0.303751 0.100181 0.349978
0.331699 0.064131 0.349977
0.294519 0.127760 0.349952
0.276327 -0.040079 0.349895
0.423006 0.152540 0.349962
0.318203 0.029783 0.349976
0.436531 0.115049 0.349970
0.364357 0.068385 0.349982
0.373337 0.030216 0.349953
0.382067 -0.024302 0.349977
0.285927 0.040041 0.349976
0.304243 0.092237 0.349978
0.359985 -0.071061 0.349957
0.356440 0.025660 0.349976
0.371503 -0.008516 0.349978
0.381375 -0.028811 0.349980
0.263192 0.134956 0.349967
0.352606 -0.043352 0.349975
0.310097 0.113913 0.349977
0.292630 -0.045033 0.349967
0.333471 0.088986 0.349923
0.265102 -0.042038 0.349978
0.328520 0.000096 0.349951
0.292871 0.054432 0.349959
0.285704 0.135118 0.349975
0.331881 0.080291 0.349971
0.307207 0.105730 0.349986
0.442512 0.123371 0.349970
0.381071 -0.027555 0.349975
0.285965 0.042229 0.349976
0.290935 0.081607 0.349974
0.319301 -0.026839 0.349974
0.292795 0.116373 0.349979
0.393172 0.128029 0.349975
0.286606 -0.027627 0.349954
0.272270 0.042491 0.349959
0.278557 0.148103 0.349978
0.380180 0.078150 0.349976
0.410529 -0.064100 0.349964
0.408798 -0.004836 0.349964
0.356561 0.078074 0.349965
0.397793 0.020034 0.349984
0.275894 0.074967 0.349960
0.284839 0.056261 0.349977
0.278263 -0.041721 0.349976
0.322516 0.019561 0.349977
0.356417 0.128113 0.349946
0.321172 0.106768 0.349946
0.339793 0.093586 0.349966
0.317189 0.149631 0.349969
0.326742 -0.042541 0.349971
0.297132 0.144144 0.349976
0.282547 0.013686 0.349973
0.359552 0.040535 0.349971
0.405598 0.030484 0.349976
0.264520 0.071876 0.349972
0.353750 0.043148 0.349973
0.337015 0.025252 0.349977
0.320958 0.045810 0.349963
0.312832 0.077859 0.349976
0.293470 0.057750 0.349978
0.324052 -0.030032 0.349975
0.292631 -0.016597 0.349975
0.408971 -0.030146 0.349975
0.293784 0.153626 0.349976
0.419039 0.066883 0.349980
0.353457 0.085525 0.349974
0.439802 0.046433 0.349978
0.444032 0.078571 0.349979
0.341715 0.031626 0.349965
0.307726 0.071341 0.349951
0.289419 0.085811 0.349977
0.374514 -0.025034 0.349965
0.165918 -0.005142 0.349905
0.314104 0.065727 0.349977
0.294670 0.109608 0.349976
0.411574 0.092531 0.349969
0.301971 0.054786 0.349977
0.408191 0.019441 0.349968
0.272946 -0.013142 0.349976
0.322475 0.110630 0.349977
0.270611 0.015525 0.349970
0.320303 -0.022105 0.349976
0.281365 0.019313 0.349975
0.384171 -0.046314 0.349954
0.304336 0.001910 0.349973
0.275597 0.103124 0.349964
0.390196 0.000500 0.349968
0.246674 -0.008579 0.349915
0.339512 0.152962 0.349978
0.295419 0.132371 0.349972
0.278002 -0.049308 0.349978
0.318834 -0.034422 0.349978
0.424139 -0.054041 0.349977
0.413454 -0.055082 0.349977
0.308828 0.084735 0.349973
0.379547 0.115852 0.349956
0.392738 0.098756 0.349971
0.330793 -0.008821 0.349974
-0.192061 -0.082698 0.349585
0.406367 0.037679 0.349967
0.299552 0.086273 0.349967
0.408206 0.087199 0.349968
0.307998 0.030945 0.349976
0.307819 -0.005592 0.349976
0.239648 0.139325 0.349964
0.260285 0.062744 0.349976
0.422257 0.142439 0.349973
0.334660 -0.002477 0.349977
0.322388 -0.020212 0.349977
0.276009 0.132900 0.349974
0.332831 0.103828 0.349973
0.265195 0.130589 0.349977
0.371838 0.046068 0.349978
0.269863 0.033193 0.349976
0.283604 -0.040779 0.349892
0.399242 0.017112 0.349973
0.413200 0.088586 0.349974
0.406141 0.035113 0.349999
0.267191 0.090866 0.349974
0.317473 0.040041 0.349971
0.247725 0.116578 0.349970
0.330723 0.050181 0.349975
0.451402 0.097971 0.349976
0.322521 0.100021 0.349978
0.388735 -0.028400 0.349957
0.408702 0.125941 0.349968
0.367440 0.086727 0.349970
0.280982 0.016493 0.349968
0.270870 0.054003 0.349979
0.450463 0.059685 0.349978
0.308174 0.110110 0.349979
0.307099 0.063045 0.349969
0.321430 0.090597 0.349964
0.421615 0.101787 0.349978
0.411498 -0.054812 0.349977
0.345585 0.036684 0.349969
0.412460 0.059159 0.349974
-0.169849 0.073761 0.349610
0.413234 0.040051 0.349972
0.273862 0.113919 0.349976
0.409866 0.107579 0.349959
0.372630 0.161867 0.349958
0.357542 -0.040317 0.349972
0.388138 -0.048488 0.349975
0.419069 0.025135 0.349953
0.322378 0.118292 0.349973
0.391056 0.021411 0.349986
0.300535 -0.004426 0.349949
0.234936 0.128932 0.349926
0.345196 -0.001555 0.349976
0.335465 0.148604 0.349974
0.398087 0.091324 0.349976
0.346719 0.081415 0.349967
0.371150 -0.018716 0.349969
0.350601 0.058602 0.349953
0.368812 -0.009738 0.349962
0.326743 -0.049771 0.349977
0.290295 0.047781 0.349974
0.299676 0.027669 0.349977
0.325504 0.043056 0.349975
0.326090 0.127852 0.349977
0.316429 0.036327 0.349975
0.321096 0.126387 0.349979
0.368216 0.056704 0.349978
0.298868 0.091122 0.349971
0.393432 -0.015957 0.349978
0.331815 0.133783 0.349937
0.275918 0.134314 0.349975
0.288935 0.049765 0.349977
0.406362 0.012821 0.349996
0.429801 0.101587 0.349975
0.321644 0.075480 0.349977
0.312006 -0.048121 0.349960
0.329343 -0.039096 0.349975
0.302536 0.134520 0.349976
0.328987 0.017085 0.349927
0.307960 0.009515 0.349971
0.305594 0.058536 0.349978
0.332851 0.065060 0.349966
0.419932 0.066208 0.349976
0.425604 0.060955 0.349978
0.381844 0.081217 0.349978
0.333439 0.106876 0.349971
0.302661 0.099231 0.349974
0.348878 -0.057854 0.349983
0.348539 0.043917 0.349977
0.294082 0.099665 0.349976
0.342402 -0.001157 0.349986
0.316899 -0.049199 0.349975
0.419486 0.054981 0.349975
0.395768 0.116647 0.349961
0.309709 0.041770 0.349975
0.304757 0.029078 0.349981
0.310249 0.122685 0.349978
0.428907 0.086559 0.349970
0.404524 -0.019747 0.349977
0.328896 -0.008265 0.349970
0.313436 0.050377 0.349963
0.305962 -0.032295 0.349974
0.421071 -0.017428 0.349976
0.347084 0.019871 0.349978
0.293946 0.084095 0.349971
0.291964 0.143596 0.349953
0.312978 -0.025412 0.349973
0.308165 0.049625 0.349974
0.352212 0.104366 0.349975
0.344884 0.038165 0.349982
0.257550 0.135952 0.349961
0.419501 -0.061088 0.349974
0.432836 0.133215 0.349978
0.290425 0.106766 0.349974
0.330099 0.060008 0.349961
0.279151 0.000305 0.349977
0.265512 0.099415 0.349969
0.335674 -0.041026 0.349954
0.388299 -0.015950 0.349975
0.283710 0.060059 0.349977
0.307307 -0.022683 0.349978
0.289654 -0.026269 0.349976
0.387110 0.029138 0.349972
0.285841 0.003411 0.349974
0.422926 -0.056465 0.349980
0.366055 0.113409 0.349977
0.261895 0.110917 0.349971
0.256732 0.025486 0.349933
0.423264 0.148386 0.349967
0.390565 0.050111 0.349974
0.327094 0.074030 0.349977
0.334392 -0.015112 0.349974
0.447707 0.110466 0.349979
0.417450 0.018697 0.349969
0.421355 -0.038041 0.349974
0.362201 0.039131 0.349970
0.383101 0.154440 0.349973
0.289635 0.064481 0.349974
0.282782 0.137745 0.349976
0.263147 0.113322 0.349979
0.345582 -0.011470 0.349978
0.315571 0.045228 0.349971
0.383077 -0.051573 0.349972
0.359171 0.054968 0.349976
0.402474 0.120194 0.349974
0.299626 0.062120 0.349969
0.424067 -0.041518 0.349977
0.331547 0.053139 0.349978
0.444660 0.004838 0.349976
0.324968 0.077665 0.349969
0.273973 0.056530 0.349978
0.428795 0.153833 0.349978
0.275127 -0.030187 0.349962
0.368458 -0.024548 0.350001
0.447941 -0.048966 0.349974
0.287146 0.138913 0.349976
0.330806 0.058903 0.349972
0.326702 0.056877 0.349981
0.377578 0.066747 0.349975
0.293298 0.039783 0.349972
0.434832 0.049283 0.349977
0.353746 0.061882 0.349974
0.264557 0.099943 0.349976
0.304767 0.061200 0.349967
0.385902 0.123770 0.349976
0.293464 -0.006925 0.349978
0.311496 0.106250 0.349959
0.274653 0.089057 0.349972
0.292582 0.097554 0.349975
0.409746 0.030011 0.349975
0.318108 0.081997 0.349979
0.268521 0.078725 0.349977
0.280362 -0.019826 0.349976
0.308192 0.041715 0.349977
0.356518 0.050001 0.349977
0.300390 0.151508 0.349962
0.289554 -0.044643 0.349976
0.328486 0.000545 0.349973
0.417591 0.017586 0.349978
0.276873 0.071957 0.349956
0.297636 0.127381 0.349973
0.275347 0.154792 0.349978
0.265446 -0.007488 0.349978
0.297812 0.057925 0.349975
0.347527 0.014202 0.349973
0.277739 -0.030026 0.349972
0.285992 0.143381 0.349977
0.282441 0.035708 0.349978
0.371999 0.018418 0.349978
0.326711 0.088697 0.349966
0.302638 0.012543 0.349978
0.288274 0.120709 0.349977
0.422477 0.021215 0.349976
0.404923 0.099115 0.349976
0.318043 0.017908 0.349966
0.361169 0.108635 0.349979
0.310308 0.136238 0.350000
0.409036 -0.003731 0.349978
0.264128 0.118077 0.349978
0.377078 0.030670 0.349971
0.333443 -0.051224 0.349973
0.381137 0.019949 0.349970
0.288692 0.043630 0.349977
0.340863 -0.034509 0.349984
0.307414 0.124337 0.349973
0.427413 0.126756 0.349968
0.422652 0.129655 0.349969
0.437902 -0.035244 0.349977
0.300567 0.129177 0.349967
0.441145 0.150326 0.349978
0.275050 -0.008630 0.349931
0.340727 -0.027087 0.349964
0.278362 0.031104 0.349974
0.452883 -0.059539 0.349980
0.314328 0.018157 0.349978
0.325029 -0.059755 0.349974
0.309082 -0.040315 0.349976
0.373486 0.050925 0.349967
0.305277 0.134088 0.349977
0.400125 -0.008674 0.349962
0.374634 0.036952 0.349960
0.264646 0.089483 0.349971
0.273535 0.110376 0.349976
0.322466 0.041373 0.349959
0.377910 0.009926 0.349960
0.406777 0.018870 0.349978
0.355775 0.131685 0.349966
0.298374 0.020653 0.349972
0.324698 0.077361 0.349976
0.312334 -0.025365 0.349974
0.264266 0.116724 0.349977
0.249366 0.127339 0.349952
0.287117 0.000963 0.349973
0.339860 -0.025291 0.349981
0.310009 0.073363 0.349964
0.252118 0.114931 0.349956
0.307870 0.080380 0.349951
0.335643 0.148035 0.349977
0.346597 0.028451 0.349969
0.394982 0.027904 0.349963
0.272574 0.015565 0.349953
0.352774 0.088315 0.349986
0.277003 -0.022794 0.349972
0.294304 0.045733 0.349967
0.351097 0.143989 0.349977
0.287938 0.023717 0.349964
0.424740 0.049484 0.349971
0.320471 0.083244 0.349975
0.392316 0.069832 0.349991
0.285314 0.053714 0.349969
0.380282 -0.050995 0.349975
0.318667 0.106012 0.349978
0.383955 0.046219 0.349976
0.338074 0.092886 0.349970
0.398908 0.003864 0.349976
0.442813 0.100338 0.349977
0.349903 0.103599 0.349976
0.289381 0.134268 0.349977
0.314198 0.098667 0.349972
0.361570 -0.022278 0.349964
0.306322 0.010326 0.349957
0.430723 -0.049312 0.349973
0.341419 0.076342 0.349976
0.372143 0.076493 0.349971
0.284171 -0.044359 0.349964
0.307751 -0.019695 0.349953
0.328635 -0.014215 0.349965
0.246125 0.067965 0.349964
0.261580 -0.023961 0.349958
0.338015 -0.011139 0.349981
0.267131 0.039918 0.349970
0.372364 -0.061772 0.349957
0.310530 0.043357 0.349977
0.297933 0.063383 0.349983
0.292915 -0.019236 0.349976
0.378467 0.046983 0.349971
0.375415 0.088894 0.349978
0.315075 -0.031660 0.349969
0.307542 0.078621 0.349979
0.410765 0.025693 0.349969
0.325050 -0.044939 0.349929
0.268711 0.061699 0.349973
0.320191 -0.055453 0.349976
0.273186 0.134495 0.349966
0.381255 0.084851 0.349953
0.346403 0.030871 0.349966
0.263321 0.069884 0.349976
0.284115 0.032157 0.349973
0.412304 -0.001970 0.349975
0.265364 0.091243 0.349962
0.334485 0.040422 0.349951
0.327110 0.042561 0.349974
0.427924 0.133187 0.349980
0.425818 0.024236 0.349965
0.275176 0.114306 0.349960
0.304405 0.110598 0.349973
0.436914 0.033015 0.349977
0.279636 0.154807 0.349981
0.372610 0.061213 0.349974
0.352275 0.128075 0.349976
0.290441 -0.012125 0.349979
0.410172 0.002221 0.349967
0.377895 -0.029560 0.349963
0.361631 -0.040826 0.349974
0.435404 0.089810 0.349966
0.307374 0.038846 0.349978
0.427288 0.131168 0.349974
0.346641 -0.051538 0.349977
0.285584 -0.045391 0.349943
0.364642 0.130373 0.349976
0.336135 0.133112 0.349972
0.425488 0.008212 0.349976
0.407015 0.109671 0.349964
0.310522 0.116492 0.349963
-0.029871 -0.088691 0.349743
0.279916 0.035381 0.349942
0.367854 0.114690 0.349975
0.418852 0.067074 0.349973
0.255620 -0.010191 0.349947
0.307757 -0.003212 0.349968
0.315692 0.014794 0.350001
0.338336 -0.047328 0.349967
0.355556 0.102663 0.349963
0.292788 0.122946 0.349975
0.171418 -0.018836 0.349888
0.397500 -0.005512 0.349973
0.162957 -0.025527 0.349905
0.344242 0.067506 0.349956
0.369413 -0.049820 0.349975
0.322728 -0.018130 0.349975
0.280639 0.090250 0.349976
0.277164 0.013852 0.349974
0.258966 0.102333 0.349977
0.240987 0.090438 0.349963
0.337925 0.108326 0.349959
0.289058 0.116071 0.349978
0.376941 0.122368 0.350004
0.446755 0.052531 0.349983
0.321892 0.127467 0.349976
0.312392 -0.035646 0.349974
0.313112 0.050121 0.349967
0.433478 0.000124 0.349976
0.339393 0.143767 0.349968
0.378896 0.024419 0.349976
0.307263 0.119204 0.349973
0.353976 0.001704 0.349981
0.291963 0.087609 0.349978
0.419856 -0.043646 0.349974
0.289786 0.080686 0.349966
0.309524 0.044386 0.349963
0.281085 0.099004 0.349961
0.432694 -0.019969 0.349967
0.417410 0.024222 0.349969
0.329439 -0.018735 0.349972
0.339036 0.012632 0.349974
0.301629 -0.002512 0.349968
0.301709 0.075549 0.349978
0.293010 0.032254 0.349949
0.340890 -0.017708 0.349942
0.278751 0.130315 0.349976
0.428477 0.097694 0.349958
0.351882 0.086102 0.349970
0.299336 0.024462 0.349977
0.314905 -0.040509 0.349977
0.271102 0.106445 0.349960
0.303122 0.001714 0.349949
0.377390 0.154923 0.349969
0.250817 0.131573 0.349973
0.277511 0.112863 0.349979
0.278300 -0.004970 0.349975
0.310534 0.022026 0.349974
0.345985 0.097282 0.349945
0.378879 0.005322 0.349973
0.397481 -0.034699 0.349963
0.419072 0.138673 0.349971
0.368542 0.128638 0.349969
0.446598 0.057173 0.349978
-0.001002 0.068233 0.349759
0.252590 0.111294 0.349972
0.280865 -0.012858 0.349976
0.272119 0.066170 0.349978
0.292423 -0.013350 0.349978
0.288206 0.104669 0.349971
0.334678 0.018419 0.349956
0.363669 0.047825 0.349928
0.263127 0.064044 0.349971
0.277062 -0.033006 0.349975
0.302279 -0.034469 0.349969
0.332567 -0.035720 0.349987
0.396498 0.002054 0.349974
0.319152 0.068626 0.349968
0.292512 0.119291 0.349970
0.287249 0.069732 0.349974
0.275099 0.104475 0.349977
0.405628 -0.062752 0.349967
0.430021 0.064871 0.349970
0.418650 -0.000429 0.349977
-0.149657 0.053474 0.349626
0.275957 0.041839 0.349978
0.292944 0.135866 0.349976
0.386308 -0.036885 0.349978
0.305472 -0.062132 0.349977
0.308176 0.141717 0.349974
0.282912 -0.008465 0.349897
0.315558 0.045482 0.349933
0.309744 0.138599 0.349975
0.343491 0.077854 0.349977
0.336322 -0.023842 0.349941
0.306798 0.113240 0.349910
-0.164098 0.237889 0.349591
0.329648 0.101571 0.349969
0.289228 0.063868 0.349968
0.359608 0.032971 0.349984
0.339759 0.061823 0.349951
0.415758 0.000646 0.349977
0.363231 0.101746 0.349975
0.451766 0.035061 0.349977
0.303108 0.066776 0.349976
0.287907 -0.051235 0.349963
0.361226 0.132481 0.349971
-0.192924 0.136477 0.349621
0.360741 0.051259 0.349976
0.331934 0.045315 0.349948
0.310809 0.090384 0.349968
0.296527 0.058795 0.349952
0.291578 0.147084 0.349964
0.305863 -0.004719 0.349952
0.325502 0.033596 0.349950
0.327115 0.044948 0.349982
0.303120 -0.060068 0.349941
0.300244 0.142080 0.349878
0.272976 0.094671 0.349968
0.298071 0.092707 0.349957
0.382502 -0.024541 0.349971
0.299676 0.141027 0.349969
0.308221 0.041467 0.349936
0.362147 -0.023388 0.349976
0.323118 -0.063901 0.349958
0.146403 -0.177348 0.349802
0.363192 -0.056142 0.349949
0.273832 0.099481 0.349976
0.278039 -0.022909 0.349976
0.298222 0.144669 0.349971
0.351773 0.038526 0.349972
0.298346 0.134068 0.349968
0.168432 0.010992 0.349837
0.320424 0.035127 0.349953
0.261436 0.111514 0.349975
0.299698 0.089972 0.349978
0.289485 -0.034037 0.349962
0.269077 0.123543 0.349978
0.310938 0.145428 0.349970
0.312843 0.115965 0.349966
0.265622 0.092337 0.349977
0.297661 0.044962 0.349967
0.266965 0.101328 0.349947
0.165385 0.029067 0.349854
0.343068 0.047792 0.349966
0.436832 0.126991 0.349977
0.392529 0.009276 0.349957
0.283406 0.116932 0.349961
0.289943 -0.137899 0.349865
0.334761 0.065205 0.349933
0.367058 0.139823 0.349922
0.344113 0.049513 0.349936
0.341346 0.124205 0.349978
0.258688 0.108543 0.349963
