0.331678 -0.054627 0.349751
0.287573 -0.038722 0.349760
0.372402 0.046870 0.349829
0.332469 -0.167839 0.349723
0.394238 -0.083927 0.349803
0.365270 -0.241720 0.349522
0.314207 -0.153578 0.349566
0.303959 -0.131053 0.349727
0.484670 -0.088919 0.349791
0.375628 -0.113211 0.349812
0.182083 -0.608999 0.348887
-0.103095 -0.572128 0.348836
0.232783 0.008333 0.349785
0.340481 -0.061568 0.349801
0.309835 -0.065372 0.349804
0.450283 -0.120580 0.349784
0.347430 -0.105967 0.349726
0.273649 -0.102075 0.349812
0.329264 0.035567 0.349811
0.409215 -0.063553 0.349812
0.398346 -0.121280 0.349788
0.234795 -0.076520 0.349789
0.394078 -0.043416 0.349814
0.291781 0.025284 0.349748
0.298586 -0.126043 0.349809
0.397857 -0.085180 0.349815
0.465936 -0.065705 0.349794
0.255531 -0.117808 0.349793
0.291893 -0.090484 0.349802
0.364054 -0.011316 0.349818
0.415605 -0.029882 0.349815
0.480490 0.019626 0.349818
0.163769 -0.550611 0.349034
0.277889 0.019139 0.349755
0.335047 -0.199009 0.349712
0.287600 0.019056 0.349798
0.236991 -0.040308 0.349806
0.387190 -0.129227 0.349815
0.367794 -0.111644 0.349787
0.283656 -0.006902 0.349795
0.371774 -0.164741 0.349779
0.397877 -0.013529 0.349819
0.338015 -0.039302 0.349710
0.268247 -0.066134 0.349771
0.291582 0.013182 0.349784
0.340157 -0.010080 0.349806
0.204876 -0.007008 0.349579
0.371625 0.021772 0.349802
0.226036 -0.129556 0.349798
0.411449 -0.128963 0.349810
0.349014 -0.021773 0.349802
0.332520 0.035628 0.349814
0.379337 0.036667 0.349783
0.331729 -0.115928 0.349818
0.281759 0.036219 0.349818
0.270417 -0.118781 0.349804
0.387811 -0.011529 0.349826
0.345642 -0.126297 0.349811
0.369410 -0.025508 0.349812
0.259929 -0.069149 0.349813
0.115119 -0.239641 0.349338
0.243634 -0.086838 0.349817
0.381738 -0.120640 0.349801
0.352703 -0.027096 0.349794
0.390043 0.051377 0.349774
0.310068 -0.010703 0.349763
0.418553 -0.112878 0.349794
0.344135 -0.014693 0.349805
0.429790 -0.044190 0.349811
0.312520 -0.144668 0.349647
0.369673 -0.014069 0.349787
0.139943 -0.179819 0.349565
0.320406 0.013763 0.349802
0.384006 -0.001570 0.349802
0.268344 -0.120487 0.349819
0.410665 0.043728 0.349819
0.318963 -0.054064 0.349791
0.344399 -0.131860 0.349813
0.280263 -0.099756 0.349699
0.313501 0.016739 0.349806
0.387581 0.041907 0.349763
0.285546 -0.103946 0.349818
0.373477 -0.108640 0.349813
0.342941 -0.158324 0.349768
0.308209 -0.109664 0.349793
0.275592 -0.078521 0.349765
0.305759 0.014212 0.349796
0.364556 -0.130714 0.349805
0.290687 -0.080968 0.349797
0.243922 -0.098937 0.349815
0.291133 -0.145450 0.349790
0.317841 -0.014561 0.349773
0.348670 -0.004252 0.349787
0.204249 -0.529865 0.349109
0.350802 -0.002948 0.349820
0.272767 0.010235 0.349789
0.315937 0.035923 0.349792
0.379303 -0.144482 0.349788
0.343800 -0.169265 0.349760
0.272998 -0.099434 0.349750
0.391548 -0.069076 0.349815
0.264792 -0.033552 0.349791
0.270325 -0.107180 0.349797
0.323428 -0.063667 0.349816
0.399297 -0.088258 0.349800
0.221760 -0.210711 0.349550
0.317082 -0.013505 0.349783
0.288308 -0.040472 0.349668
0.387228 -0.110738 0.349779
0.372561 -0.001831 0.349793
0.395547 0.022865 0.349803
0.252873 -0.046469 0.349803
0.446935 -0.117862 0.349816
0.324161 -0.055982 0.349785
0.362574 -0.022625 0.349779
0.402338 -0.131951 0.349803
0.366639 0.009085 0.349777
0.367898 0.027384 0.349817
0.401841 -0.064192 0.349814
0.220363 -0.107083 0.349787
0.215570 -0.101909 0.349745
0.352566 0.018894 0.349816
0.246172 -0.107617 0.349734
0.327029 -0.038572 0.349818
0.300349 0.052643 0.349812
0.388133 -0.039508 0.349815
0.289897 -0.090761 0.349724
0.488053 -0.116268 0.349793
0.329825 -0.056791 0.349817
0.458163 -0.153838 0.349806
0.298894 -0.093706 0.349818
0.318477 -0.137831 0.349805
0.455750 -0.148534 0.349811
0.438656 -0.063303 0.349788
0.317315 -0.146173 0.349783
0.343914 -0.062250 0.349814
0.316684 -0.098137 0.349801
0.309914 -0.068618 0.349811
0.455041 -0.007207 0.349816
0.245375 -0.002659 0.349763
0.418641 -0.079450 0.349816
0.242724 -0.038845 0.349806
0.383384 -0.109406 0.349782
0.342454 -0.027135 0.349813
0.290093 -0.088765 0.349741
0.384544 -0.018733 0.349793
0.332135 -0.041681 0.349814
0.238626 -0.141612 0.349810
0.396328 -0.051406 0.349813
0.339056 -0.046442 0.349795
0.213747 -0.129063 0.349797
0.316184 -0.068005 0.349816
0.499248 0.029781 0.349811
0.223552 -0.173362 0.349654
0.289347 -0.041012 0.349752
0.440397 0.005232 0.349785
0.286638 -0.001239 0.349802
0.412393 -0.046161 0.349801
0.474663 -0.146634 0.349813
0.257900 -0.068169 0.349810
0.322688 -0.081150 0.349818
0.463895 -0.047306 0.349817
0.373784 0.037461 0.349803
0.458935 0.034699 0.349811
0.355334 0.030538 0.349816
0.422931 -0.137912 0.349810
0.265904 0.033393 0.349784
0.426783 -0.119652 0.349807
0.496366 -0.096212 0.349804
0.393298 0.030498 0.349805
0.340069 -0.043103 0.349813
0.396307 -0.107134 0.349661
0.222816 -0.215699 0.349410
0.323077 0.028216 0.349800
0.353297 -0.008987 0.349792
0.312074 -0.133250 0.349817
0.311361 0.007500 0.349809
0.366393 -0.061867 0.349782
0.228743 -0.061995 0.349807
0.233215 -0.067235 0.349808
0.360859 -0.050220 0.349769
0.209791 -0.032747 0.349776
0.200126 -0.433137 0.349193
0.381294 0.045348 0.349803
0.318828 -0.056805 0.349820
0.211209 -0.021971 0.349629
0.361016 -0.028378 0.349797
0.322411 -0.086362 0.349721
0.340309 -0.128542 0.349818
0.276129 -0.023026 0.349810
0.208965 -0.121024 0.349799
0.264097 0.032779 0.349801
0.245932 -0.006661 0.349819
0.254138 -0.004722 0.349811
0.323263 -0.125969 0.349815
0.342682 0.044836 0.349806
0.390528 -0.149781 0.349680
0.306881 -0.015825 0.349814
0.248129 0.001454 0.349787
0.298714 -0.009909 0.349813
0.280779 -0.026625 0.349808
0.304450 0.013504 0.349792
0.279319 0.031925 0.349811
0.315910 -0.053522 0.349785
0.378988 -0.123407 0.349806
0.274553 -0.066391 0.349733
0.257205 0.038890 0.349806
0.345333 -0.037764 0.349808
0.380577 -0.128461 0.349646
0.377047 0.030159 0.349757
0.339025 0.008957 0.349811
0.259725 -0.069939 0.349797
0.311053 0.007334 0.349811
0.279578 -0.030138 0.349789
0.358910 -0.090572 0.349810
0.346057 -0.067369 0.349815
0.425513 -0.131862 0.349792
0.265761 0.021371 0.349816
0.444850 0.022055 0.349821
0.275559 -0.104717 0.349783
0.386233 -0.061477 0.349773
0.402291 -0.123113 0.349802
0.204516 -0.041123 0.349790
0.324291 0.041648 0.349820
0.334544 0.020837 0.349803
0.253343 -0.043019 0.349738
0.324595 -0.025522 0.349803
0.287463 -0.085933 0.349839
0.355534 -0.048279 0.349798
0.429869 -0.145283 0.349731
0.345626 -0.056018 0.349805
0.323664 0.039945 0.349802
0.352383 0.006563 0.349813
0.311744 -0.023557 0.349818
0.309635 -0.054702 0.349804
0.337424 -0.062428 0.349770
0.437636 -0.115444 0.349796
0.262767 -0.038237 0.349815
0.327698 -0.011387 0.349807
0.336711 -0.043057 0.349806
0.383558 0.005575 0.349783
0.322203 -0.048749 0.349667
0.360139 -0.073755 0.349719
0.307337 -0.148638 0.349793
0.344403 -0.039600 0.349809
0.337410 0.005481 0.349807
0.272540 -0.001722 0.349793
0.265982 0.001103 0.349802
0.229676 -0.066086 0.349811
0.297187 -0.004710 0.349766
0.253620 -0.070022 0.349800
0.398416 -0.127196 0.349806
0.339659 -0.001327 0.349810
0.245742 0.024680 0.349673
0.262057 -0.124689 0.349776
0.376987 0.037312 0.349796
0.360625 -0.042931 0.349813
0.264153 0.013307 0.349774
0.370056 -0.050338 0.349771
0.368422 -0.106259 0.349800
0.414548 -0.014191 0.349814
0.260306 -0.132936 0.349797
0.281242 -0.023179 0.349806
0.270577 -0.159741 0.349772
0.259986 0.008885 0.349788
0.342553 -0.045950 0.349804
-0.344603 -0.372357 0.348638
0.296234 0.044220 0.349810
0.393602 -0.103685 0.349798
0.306384 -0.100080 0.349807
0.293727 -0.047951 0.349786
0.253512 0.001219 0.349815
0.398721 0.014625 0.349815
0.375881 -0.081185 0.349803
0.225771 -0.077041 0.349809
0.360199 -0.260528 0.349503
0.410136 -0.019863 0.349816
0.441124 -0.096294 0.349781
0.282838 0.010676 0.349802
0.352248 -0.073239 0.349818
0.468072 -0.064513 0.349808
0.332874 0.044296 0.349814
0.222903 -0.473623 0.349075
0.351489 -0.060681 0.349775
0.325010 -0.060890 0.349740
0.380208 -0.009454 0.349780
0.250722 -0.029231 0.349816
-0.324081 -0.335350 0.348656
0.375491 -0.020237 0.349786
0.372358 0.040685 0.349804
0.357647 0.003078 0.349776
0.338400 0.061384 0.349815
0.234505 -0.119583 0.349523
0.288755 -0.110801 0.349813
0.262565 -0.641284 0.348903
0.253376 -0.007416 0.349809
0.242287 0.057225 0.349784
0.339493 -0.109729 0.349774
0.189397 0.006937 0.349719
0.349409 -0.008584 0.349810
0.387048 -0.092769 0.349679
0.263786 -0.078886 0.349800
0.368214 -0.089047 0.349609
0.348719 0.004654 0.349813
0.333473 0.039197 0.349808
0.405335 -0.012868 0.349806
0.277002 -0.108110 0.349809
0.323354 0.047590 0.349777
0.310659 0.007152 0.349797
0.294616 -0.010144 0.349818
0.277413 -0.016505 0.349724
0.261457 -0.098287 0.349812
0.331747 -0.084476 0.349649
0.310844 0.000699 0.349817
0.314044 -0.028564 0.349797
0.342400 -0.016706 0.349801
0.299773 0.007233 0.349818
0.339827 0.019227 0.349818
0.254605 -0.069864 0.349762
0.357689 -0.072229 0.349796
0.314810 -0.079971 0.349794
0.273693 -0.025445 0.349766
0.219771 -0.130907 0.349740
0.316484 -0.111101 0.349770
0.260198 0.051953 0.349804
0.292454 0.005267 0.349768
0.305873 -0.099778 0.349804
0.283878 0.048789 0.349816
0.257760 -0.019188 0.349811
0.373498 -0.111622 0.349798
0.398757 -0.049393 0.349788
0.319240 -0.100435 0.349773
0.400212 -0.100074 0.349803
0.357281 0.048067 0.349814
0.252493 -0.074870 0.349799
0.270640 -0.091287 0.349817
0.336478 -0.130121 0.349801
0.274792 -0.118762 0.349799
0.344968 -0.047019 0.349759
0.394915 -0.103602 0.349808
0.475344 -0.145564 0.349818
0.403102 0.028000 0.349779
0.275705 -0.008626 0.349804
0.374285 -0.010008 0.349796
0.397266 -0.092162 0.349817
0.316073 0.044943 0.349806
0.233065 -0.000472 0.349804
0.257867 0.043420 0.349815
0.288576 -0.003045 0.349796
0.373986 -0.112701 0.349808
0.315285 0.000375 0.349751
0.316499 -0.011235 0.349814
0.378258 0.007288 0.349818
0.414995 -0.097789 0.349816
0.318677 -0.017694 0.349806
0.294087 -0.009851 0.349812
0.403244 -0.120024 0.349816
0.282590 -0.110257 0.349800
0.339357 -0.094149 0.349810
0.255409 -0.021601 0.349801
0.369269 -0.116666 0.349798
0.416695 -0.113764 0.349813
0.304667 -0.096995 0.349816
0.346731 0.030960 0.349817
0.174449 -0.226345 0.349325
0.426166 -0.157598 0.349788
0.325747 -0.081098 0.349794
0.291645 -0.139628 0.349511
0.260626 -0.046022 0.349770
0.232740 -0.037969 0.349808
0.295556 -0.085156 0.349806
0.323873 -0.145479 0.349753
0.311279 0.053560 0.349812
0.401389 -0.066225 0.349817
0.262392 -0.032773 0.349811
0.290009 -0.133286 0.349711
0.297122 0.016379 0.349799
0.218168 -0.145053 0.349776
0.345027 0.028973 0.349799
0.326177 0.013251 0.349800
0.252620 -0.161118 0.349704
0.280457 0.005492 0.349807
0.372600 -0.050459 0.349774
0.303523 -0.011788 0.349802
0.286690 -0.062407 0.349764
0.272675 -0.029186 0.349811
0.444987 -0.012717 0.349820
0.409511 -0.143952 0.349762
0.248588 -0.017827 0.349803
0.294085 0.007411 0.349810
0.236068 -0.118732 0.349815
0.303614 -0.054291 0.349818
0.282376 0.030454 0.349799
0.371930 -0.100617 0.349703
0.310064 -0.087671 0.349812
0.455516 -0.143962 0.349796
0.401333 -0.053220 0.349814
0.269557 -0.180109 0.349730
0.411270 -0.099879 0.349806
0.367708 0.020807 0.349781
0.307672 -0.029682 0.349770
0.259673 -0.140216 0.349808
0.308245 -0.052929 0.349813
0.323704 -0.013675 0.349764
0.245478 -0.069921 0.349786
0.280182 -0.098717 0.349597
0.385172 -0.152183 0.349808
0.209837 -0.186437 0.349585
0.357005 -0.086510 0.349819
0.423516 0.007538 0.349789
0.032112 -0.564213 0.348832
0.293672 -0.005793 0.349792
0.456475 -0.014318 0.349806
0.285391 0.028098 0.349807
0.247347 0.024751 0.349800
0.284872 -0.076864 0.349817
0.383518 -0.113834 0.349817
0.299272 -0.108665 0.349815
0.285150 -0.090083 0.349787
0.222675 0.009965 0.349718
0.262213 -0.004104 0.349799
0.313871 -0.149276 0.349810
0.274113 0.013579 0.349789
0.367750 0.001483 0.349790
0.332204 -0.021510 0.349781
0.303830 0.022830 0.349776
0.258604 -0.084146 0.349715
0.353511 0.038755 0.349818
0.163668 -0.308054 0.349294
-0.167389 -0.480560 0.348831
0.282921 0.003385 0.349810
0.360201 -0.121495 0.349766
0.352862 -0.042333 0.349813
0.375696 -0.112349 0.349806
0.311244 -0.073929 0.349768
0.346884 -0.077574 0.349804
0.302871 -0.039692 0.349795
0.345426 -0.042934 0.349739
0.362697 -0.108583 0.349801
0.356900 -0.007544 0.349811
0.360462 0.024993 0.349781
0.298985 -0.021109 0.349799
0.447439 -0.105806 0.349793
0.422058 -0.085891 0.349795
0.317374 -0.076724 0.349785
0.347516 -0.083009 0.349814
0.246003 -0.038814 0.349797
0.284085 -0.030842 0.349804
0.313099 -0.021769 0.349790
0.283176 -0.059752 0.349813
0.310063 -0.143521 0.349819
0.369392 -0.030393 0.349789
-0.431111 -0.544064 0.348295
0.406224 -0.125073 0.349814
0.294120 -0.152246 0.349807
0.385505 -0.147544 0.349779
0.388434 -0.133079 0.349806
0.392664 -0.149945 0.349784
0.484366 -0.059231 0.349812
0.447575 0.035188 0.349811
0.385235 -0.091324 0.349776
0.458766 -0.129673 0.349766
0.282181 -0.111986 0.349803
0.291974 -0.068763 0.349801
0.307728 -0.068170 0.349810
0.319387 0.011993 0.349813
0.402876 0.006246 0.349800
0.313701 0.009446 0.349786
0.330797 -0.019356 0.349800
0.382013 0.058536 0.349794
0.280141 -0.022895 0.349817
0.425534 -0.015297 0.349797
0.336697 -0.060225 0.349794
0.311862 -0.138019 0.349782
0.368587 -0.135477 0.349799
0.368438 -0.157571 0.349794
0.471676 0.022631 0.349801
0.379658 -0.150377 0.349773
0.429353 -0.121728 0.349828
0.271976 0.016021 0.349781
0.241156 0.011855 0.349803
0.313211 -0.091525 0.349810
0.372617 -0.011099 0.349747
0.322839 -0.075214 0.349811
0.468180 -0.120815 0.349775
0.398484 -0.144712 0.349767
0.270851 0.002345 0.349814
0.271415 -0.124880 0.349798
0.291068 -0.057046 0.349778
0.343133 -0.154112 0.349810
0.291727 -0.134827 0.349820
0.364315 -0.048442 0.349746
0.413920 -0.028477 0.349797
0.320992 -0.021851 0.349800
0.272896 -0.100817 0.349806
0.324078 -0.032603 0.349809
0.369170 -0.015023 0.349779
0.286597 -0.053584 0.349810
0.397026 -0.134741 0.349759
0.358078 -0.139794 0.349805
0.310624 -0.047620 0.349802
0.258754 0.058031 0.349802
0.267023 -0.068670 0.349692
0.460509 -0.141420 0.349801
0.390271 -0.070483 0.349819
0.371169 -0.049709 0.349793
0.320549 0.004934 0.349811
0.484337 -0.006778 0.349783
0.318178 -0.077833 0.349795
0.376241 -0.015895 0.349799
0.289445 -0.081257 0.349786
0.327784 -0.177507 0.349621
0.387043 -0.158894 0.349778
0.422159 -0.165285 0.349777
0.302330 0.002578 0.349788
0.257737 0.028453 0.349817
0.317099 -0.100496 0.349739
0.283384 -0.008521 0.349779
0.316839 0.014188 0.349791
0.372303 -0.094129 0.349813
0.352062 -0.013031 0.349801
0.264779 -0.057521 0.349783
0.312169 0.004972 0.349815
0.489257 0.007502 0.349815
0.274533 0.041887 0.349791
0.234999 -0.044472 0.349777
0.364483 -0.055547 0.349807
0.286056 0.015783 0.349810
0.461479 -0.162387 0.349775
0.496533 -0.077575 0.349782
0.268899 0.010019 0.349765
0.298092 -0.044300 0.349811
0.333259 -0.046665 0.349813
0.325168 -0.042647 0.349736
0.301072 -0.070877 0.349763
0.343013 -0.116525 0.349807
0.473159 0.005138 0.349818
0.248871 -0.090637 0.349773
0.362435 -0.142366 0.349715
0.384017 -0.124169 0.349822
0.377181 -0.067521 0.349806
0.390009 0.007865 0.349818
0.284037 0.042555 0.349817
0.344715 0.026502 0.349810
0.274766 -0.056775 0.349715
0.345753 -0.066474 0.349816
0.277744 -0.068521 0.349792
0.287729 0.031783 0.349802
0.378651 -0.042715 0.349821
0.292878 -0.139752 0.349820
0.466665 0.005220 0.349816
0.383989 -0.033926 0.349817
0.358713 -0.130069 0.349755
0.466136 -0.087728 0.349781
0.278910 0.002856 0.349815
0.293606 -0.112650 0.349814
0.360685 -0.001862 0.349817
0.336835 0.041219 0.349779
0.471782 -0.133975 0.349816
0.475279 0.006259 0.349808
0.325375 0.025869 0.349785
0.296575 -0.130382 0.349798
0.237808 -0.015862 0.349816
0.287304 -0.135689 0.349782
0.238161 -0.034347 0.349807
0.268217 -0.128779 0.349796
0.339748 -0.074089 0.349815
0.231508 -0.018190 0.349782
0.310048 -0.110698 0.349810
0.273054 -0.116380 0.349810
0.266945 -0.148677 0.349810
0.460199 -0.087917 0.349808
0.507167 0.038923 0.349815
0.312388 -0.097354 0.349795
0.409852 -0.093337 0.349808
0.359001 -0.119554 0.349744
0.394111 -0.119923 0.349788
0.482909 -0.068815 0.349805
0.492122 -0.022845 0.349811
0.243846 0.023001 0.349798
0.459169 -0.115540 0.349813
0.245022 -0.096899 0.349795
0.433126 -0.082443 0.349801
0.433510 -0.099776 0.349810
0.328710 -0.140149 0.349807
0.289705 0.061293 0.349799
0.357899 -0.080522 0.349815
0.291476 -0.134702 0.349817
0.412815 -0.041877 0.349774
0.336692 -0.075258 0.349803
0.312070 -0.115948 0.349767
0.385379 -0.048711 0.349766
0.355373 -0.101983 0.349811
0.470559 -0.111553 0.349767
0.337693 -0.021467 0.349764
0.352905 -0.061132 0.349820
0.386809 -0.064226 0.349803
0.374740 -0.115939 0.349787
0.306853 -0.097975 0.349790
0.289939 0.000034 0.349810
0.313998 0.023960 0.349802
0.355240 0.053299 0.349816
0.289588 -0.022553 0.349797
0.302971 -0.001883 0.349795
0.331827 0.010424 0.349813
0.330658 -0.097172 0.349807
0.317267 0.017550 0.349776
0.331730 0.004084 0.349813
0.376427 0.001473 0.349808
0.332781 -0.081040 0.349818
0.498324 -0.034089 0.349792
0.407960 -0.012028 0.349816
0.339438 -0.070663 0.349818
0.392795 -0.008654 0.349771
0.374330 -0.099311 0.349806
0.448548 -0.155645 0.349811
0.307468 -0.016352 0.349811
0.306840 -0.070009 0.349803
0.351696 -0.146847 0.349804
0.265933 0.011108 0.349771
0.344749 -0.117803 0.349784
0.362338 -0.129095 0.349800
0.448456 -0.144780 0.349771
0.328175 -0.012887 0.349774
0.392311 0.005617 0.349789
0.297526 0.005897 0.349818
0.418491 0.044291 0.349813
0.369593 -0.047107 0.349818
0.317078 -0.082978 0.349789
0.394575 -0.023261 0.349788
0.283044 -0.051519 0.349767
0.312826 0.004866 0.349796
0.310683 -0.000748 0.349796
0.391714 -0.028885 0.349778
0.311297 -0.163034 0.349725
0.406926 -0.086741 0.349802
0.388569 -0.112168 0.349807
0.428097 -0.094806 0.349803
0.404186 -0.021381 0.349765
0.364578 0.024792 0.349813
0.254933 0.037124 0.349806
0.400837 0.043268 0.349819
0.469823 -0.152288 0.349806
0.422967 -0.117240 0.349762
0.292370 -0.107184 0.349811
0.312881 -0.121622 0.349746
0.364447 -0.013375 0.349793
0.318928 -0.009274 0.349737
0.292985 -0.111736 0.349808
0.352979 0.039843 0.349818
0.411893 -0.091772 0.349816
0.390829 -0.180689 0.349731
0.259251 -0.095431 0.349755
0.412778 -0.149105 0.349818
0.361732 -0.053167 0.349785
0.414775 -0.103491 0.349814
0.308316 -0.045478 0.349810
0.277311 -0.032917 0.349777
0.486961 -0.046434 0.349788
0.353734 -0.025065 0.349817
0.476877 -0.028516 0.349818
0.454474 0.003738 0.349800
0.208781 0.017389 0.349731
0.404004 -0.074123 0.349808
0.494095 -0.158004 0.349761
0.403789 -0.161502 0.349784
0.397379 -0.118140 0.349808
0.261841 -0.030506 0.349814
0.320936 0.021115 0.349795
0.341071 -0.116738 0.349808
0.425527 -0.138895 0.349798
0.310506 -0.023055 0.349810
0.351478 -0.050990 0.349780
0.269892 -0.088892 0.349804
0.493807 -0.096484 0.349808
0.366191 -0.048425 0.349807
0.298528 -0.086001 0.349798
0.314001 -0.077232 0.349810
0.420988 -0.135446 0.349767
0.251820 0.021068 0.349728
0.369081 0.033008 0.349798
0.267182 -0.113053 0.349808
0.337270 -0.104552 0.349768
0.278951 -0.012372 0.349817
0.379556 -0.018420 0.349737
0.338346 -0.128847 0.349804
0.374790 -0.005842 0.349808
0.396525 -0.072945 0.349810
0.344701 -0.138888 0.349814
0.354375 -0.001867 0.349812
0.410504 -0.008870 0.349801
0.366844 -0.008782 0.349801
0.450591 -0.094947 0.349803
0.337185 -0.040722 0.349798
0.377885 0.036232 0.349773
0.382058 0.024398 0.349815
0.352577 -0.008534 0.349815
0.253562 -0.075144 0.349817
0.356464 -0.163010 0.349794
0.341800 -0.042233 0.349776
0.363043 -0.100757 0.349795
0.337604 -0.117857 0.349781
0.311504 -0.018655 0.349800
0.354689 -0.137548 0.349775
0.317110 -0.071516 0.349706
0.276302 -0.134447 0.349816
0.349769 -0.035761 0.349789
0.346735 -0.052468 0.349809
0.307409 0.013458 0.349798
0.372719 -0.035652 0.349790
0.418428 -0.108739 0.349809
-0.242153 -0.390621 0.348657
0.395602 -0.099283 0.349798
0.445017 -0.117388 0.349812
0.460650 -0.141850 0.349817
0.363750 -0.017095 0.349787
0.387179 -0.116221 0.349806
0.257692 0.036970 0.349807
0.387279 -0.022537 0.349794
0.366287 -0.038980 0.349798
0.290335 0.042199 0.349812
0.373802 -0.093053 0.349788
0.264457 -0.007278 0.349771
0.360395 0.021440 0.349801
0.390080 -0.039234 0.349795
0.416829 -0.006600 0.349813
0.351519 -0.060134 0.349819
0.416488 -0.075715 0.349814
0.397516 -0.030181 0.349780
0.356685 0.012106 0.349765
-0.264978 -0.406109 0.348765
0.273184 0.046262 0.349814
0.338591 -0.055227 0.349793
0.360642 0.034521 0.349790
0.347226 -0.034811 0.349816
0.389049 -0.159526 0.349799
0.429759 -0.105789 0.349791
0.398705 -0.147197 0.349770
0.468314 -0.149139 0.349779
0.382145 0.035508 0.349785
0.260016 0.042217 0.349819
0.300203 -0.017273 0.349797
0.359056 0.038329 0.349813
0.370922 -0.150955 0.349788
0.397738 -0.026688 0.349796
0.340139 -0.028558 0.349810
0.287380 -0.136585 0.349782
0.410259 -0.043602 0.349818
0.429245 -0.132589 0.349813
0.393881 -0.009165 0.349771
0.305121 -0.007723 0.349781
0.402238 -0.010481 0.349819
0.336743 -0.082698 0.349819
0.361282 -0.081288 0.349806
0.379211 -0.121662 0.349804
0.403841 -0.106106 0.349818
0.395251 -0.026534 0.349789
0.332911 -0.017766 0.349810
0.290189 -0.046577 0.349817
0.309174 0.042072 0.349820
0.482936 -0.155801 0.349804
0.309415 -0.052977 0.349804
0.495536 -0.053690 0.349738
0.374900 -0.086271 0.349792
0.352370 -0.106221 0.349811
0.264086 -0.003730 0.349818
0.381813 -0.108214 0.349777
0.369550 -0.061562 0.349809
0.364791 -0.060714 0.349814
0.402121 0.023192 0.349809
0.399922 -0.109197 0.349816
0.407958 -0.117873 0.349818
0.359835 -0.079441 0.349811
0.262488 -0.136192 0.349809
0.384083 -0.103637 0.349778
0.449078 -0.097852 0.349782
0.402203 -0.030758 0.349801
0.377962 -0.131682 0.349809
0.394181 -0.146931 0.349792
0.303614 -0.004981 0.349790
0.333791 -0.065459 0.349799
0.315105 -0.033213 0.349772
0.398051 -0.152830 0.349748
0.410456 0.005529 0.349797
0.366284 -0.076454 0.349806
0.419069 -0.083909 0.349804
0.307223 -0.047542 0.349814
0.303218 -0.137534 0.349804
0.322216 -0.073434 0.349800
0.417048 -0.025037 0.349813
0.329929 -0.141971 0.349818
0.326849 -0.051114 0.349790
0.282567 -0.065476 0.349813
0.433426 -0.122412 0.349820
0.306659 -0.003670 0.349819
0.308887 -0.107284 0.349763
0.415380 -0.134152 0.349795
0.346007 -0.088585 0.349805
0.373560 -0.118402 0.349818
0.374322 0.037622 0.349814
0.383846 -0.079406 0.349801
0.290794 -0.138336 0.349791
0.376900 -0.129655 0.349789
0.354322 0.006409 0.349810
0.393687 -0.098648 0.349813
0.438335 -0.044500 0.349817
0.393519 -0.081749 0.349818
0.286259 -0.030485 0.349783
0.465933 -0.180480 0.349752
0.435222 -0.109057 0.349810
0.378695 -0.096353 0.349771
0.465447 -0.146250 0.349808
0.368861 -0.058809 0.349810
0.399717 -0.119078 0.349818
0.353355 -0.101084 0.349733
0.287563 0.032890 0.349809
0.496171 -0.053773 0.349806
0.334714 -0.060500 0.349806
0.410560 -0.082646 0.349807
0.357650 -0.106863 0.349788
0.467088 -0.014578 0.349811
0.263858 -0.139868 0.349815
0.472658 -0.139190 0.349818
0.284638 -0.010383 0.349817
0.298276 -0.121279 0.349778
0.445489 -0.016366 0.349777
0.417408 0.006093 0.349788
0.380761 0.002761 0.349803
0.243355 -0.166969 0.349657
0.462392 -0.015848 0.349804
0.412962 0.019092 0.349795
0.284554 -0.117143 0.349807
0.308454 0.025075 0.349784
0.364762 0.001149 0.349815
0.291095 0.015386 0.349799
0.371274 -0.162321 0.349787
0.330760 -0.063979 0.349806
0.383942 -0.036159 0.349768
0.427864 -0.107096 0.349785
0.428584 -0.151294 0.349804
0.390164 -0.017666 0.349813
0.285436 -0.059439 0.349801
0.382709 -0.101110 0.349818
0.386290 -0.062274 0.349774
0.304231 -0.052056 0.349783
0.332460 -0.001238 0.349813
0.473162 -0.111373 0.349818
0.369751 -0.099706 0.349736
0.324481 -0.184113 0.349747
0.269132 -0.253606 0.349549
0.349950 -0.022637 0.349814
0.449298 -0.067435 0.349798
0.355103 -0.053243 0.349812
0.342125 -0.131937 0.349787
0.282896 -0.044794 0.349752
0.397048 -0.158349 0.349773
0.336697 0.001792 0.349812
0.336292 -0.123409 0.349801
0.265981 -0.059571 0.349765
0.388673 0.025175 0.349817
0.445685 -0.098581 0.349750
0.489204 -0.061048 0.349807
0.423508 -0.042454 0.349816
0.380503 -0.066275 0.349806
0.327306 -0.022063 0.349819
0.349937 -0.123505 0.349804
0.322803 0.000263 0.349788
0.320278 -0.015621 0.349778
0.384815 -0.167047 0.349789
0.381619 0.024385 0.349808
0.440279 -0.050543 0.349805
0.336835 -0.011700 0.349785
0.305197 -0.041718 0.349811
0.323526 -0.048283 0.349802
0.432702 -0.109823 0.349751
0.266391 0.043137 0.349812
0.297492 -0.005446 0.349774
0.358252 -0.028087 0.349818
0.303822 -0.008461 0.349808
0.409071 0.005951 0.349748
0.297252 0.020323 0.349811
0.310685 0.031634 0.349819
0.366618 -0.088167 0.349803
0.401824 -0.093377 0.349798
0.418777 -0.042575 0.349810
0.306816 -0.012901 0.349808
0.350568 -0.069794 0.349815
0.308384 0.004200 0.349804
0.397553 -0.008807 0.349806
0.457198 -0.037648 0.349801
0.477017 -0.110077 0.349814
0.388335 -0.152330 0.349763
0.435646 -0.072463 0.349810
0.409131 -0.117094 0.349774
0.375960 -0.058750 0.349804
0.157398 -0.927204 0.348449
0.358321 0.027291 0.349813
0.246927 -0.185702 0.349563
0.494756 -0.010813 0.349765
0.448728 0.024333 0.349805
0.416614 -0.153531 0.349802
0.497796 -0.134911 0.349784
0.386350 -0.265652 0.349612
0.488626 -0.105798 0.349810
0.357911 0.003734 0.349781
0.497150 0.013432 0.349793
0.411164 -0.098512 0.349766
0.273700 -0.001387 0.349715
0.277982 0.015680 0.349798
0.315335 0.014473 0.349794
0.341762 0.023289 0.349817
0.435998 -0.150075 0.349712
0.318230 -0.011591 0.349765
0.433240 -0.079739 0.349808
0.350877 -0.137507 0.349706
0.336322 -0.020829 0.349818
0.284326 -0.024443 0.349749
0.335360 -0.063389 0.349710
0.376066 -0.131669 0.349757
0.286298 0.012013 0.349780
0.314607 0.020062 0.349802
0.391811 -0.155345 0.349695
0.338394 0.022934 0.349762
0.382572 -0.124143 0.349771
0.356053 -0.037117 0.349814
0.390921 -0.124581 0.349742
0.410778 -0.071517 0.349760
0.278893 0.017762 0.349809
0.425059 -0.163453 0.349789
0.377522 -0.031606 0.349816
0.312536 -0.016596 0.349818
0.273260 -0.009615 0.349714
0.447509 -0.151093 0.349735
0.221729 -0.189705 0.349569
0.400985 -0.158112 0.349747
0.472848 -0.043181 0.349811
0.309422 -0.172425 0.349626
0.348830 -0.100059 0.349814
0.414105 -0.156534 0.349737
0.418292 -0.017733 0.349818
0.367855 -0.021397 0.349800
0.354910 -0.072869 0.349800
0.281545 -0.012378 0.349818
0.436506 0.013390 0.349804
0.343435 0.018338 0.349795
0.460575 0.036592 0.349818
0.313956 -0.087204 0.349791
0.366712 0.012573 0.349809
0.367651 -0.076980 0.349822
0.401311 0.037688 0.349800
0.278409 -0.034380 0.349749
0.443393 -0.145886 0.349815
0.354359 0.005038 0.349819
0.266321 -0.061724 0.349691
0.397545 -0.064527 0.349777
0.351759 -0.088817 0.349810
0.451482 -0.122674 0.349796
0.309876 -0.131014 0.349823
0.371569 0.003331 0.349800
0.356700 -0.122571 0.349807
0.364490 0.025119 0.349798
0.312662 -0.061705 0.349794
0.353808 -0.010115 0.349813
0.327796 -0.015260 0.349786
0.383869 -0.076689 0.349807
0.321621 -0.042510 0.349773
0.335076 0.009987 0.349775
0.339567 -0.025676 0.349758
0.273497 -0.025951 0.349805
0.463241 -0.086745 0.349806
0.319270 0.033278 0.349808
0.495403 -0.129823 0.349792
0.358141 -0.146355 0.349813
0.314278 -0.117235 0.349775
0.415660 -0.107421 0.349737
0.370014 -0.167139 0.349770
0.476828 -0.136046 0.349792
0.377323 0.004793 0.349786
0.474601 -0.120482 0.349815
0.379684 -0.110839 0.349810
0.277463 -0.015239 0.349813
0.302776 0.010694 0.349791
0.509211 -0.010143 0.349832
0.362136 -0.144049 0.349817
0.389852 -0.037829 0.349811
0.423406 -0.053206 0.349796
0.353783 -0.006234 0.349789
0.472228 -0.144451 0.349758
0.383331 -0.133063 0.349790
0.429022 -0.148303 0.349733
0.426057 0.027328 0.349804
0.417369 0.009918 0.349791
0.397051 -0.104758 0.349809
0.328725 -0.153447 0.349708
0.362460 -0.151146 0.349736
0.288926 -0.028084 0.349793
0.401755 0.023558 0.349809
0.420404 -0.098903 0.349763
0.285186 -0.053864 0.349806
0.254200 0.035065 0.349816
0.323777 0.018781 0.349796
0.338860 0.028216 0.349805
0.468858 -0.129939 0.349799
0.344572 -0.120741 0.349814
0.297970 0.007185 0.349818
0.490120 -0.133278 0.349801
0.360650 -0.089116 0.349814
0.434236 -0.164596 0.349790
0.269961 -0.014862 0.349798
0.398387 -0.145323 0.349813
0.311256 -0.077447 0.349745
0.284663 -0.015773 0.349781
0.435753 -0.016069 0.349804
0.419855 -0.148600 0.349750
0.295535 -0.145152 0.349822
0.393498 -0.122412 0.349816
0.388579 -0.157959 0.349781
0.421831 -0.118228 0.349772
0.393833 -0.139612 0.349777
0.265765 -0.059683 0.349794
0.275050 -0.010643 0.349757
0.386249 -0.121603 0.349741
0.422087 -0.132557 0.349800
0.315070 -0.013044 0.349794
0.335157 -0.069100 0.349819
0.296131 -0.079374 0.349707
0.289308 -0.053772 0.349808
0.463349 -0.121437 0.349817
0.454661 -0.001023 0.349761
0.369601 -0.199833 0.349729
0.397117 -0.154426 0.349806
0.356022 -0.055505 0.349794
0.328503 -0.075880 0.349814
0.274925 -0.017557 0.349792
0.501671 -0.076694 0.349823
0.409854 -0.057403 0.349807
0.444597 -0.015654 0.349781
0.310342 -0.127034 0.349818
0.416333 0.041650 0.349819
0.355999 -0.076876 0.349787
0.348213 -0.030944 0.349795
0.295001 -0.051609 0.349810
0.377587 -0.043959 0.349795
0.302888 -0.117151 0.349818
0.331081 -0.106003 0.349710
0.306488 -0.030879 0.349794
0.333934 -0.031463 0.349818
0.455711 -0.148942 0.349819
0.305683 -0.008427 0.349785
0.401875 -0.124201 0.349807
0.318211 0.015989 0.349783
0.356634 -0.152793 0.349774
0.328670 -0.053581 0.349776
0.477294 -0.133271 0.349792
0.381054 0.055031 0.349789
0.303969 -0.038680 0.349798
0.373488 -0.084479 0.349787
0.396704 -0.118365 0.349815
0.294041 -0.043296 0.349816
0.276061 -0.021170 0.349729
0.462024 -0.076483 0.349813
0.374280 0.002837 0.349817
0.372575 -0.105393 0.349806
0.468586 -0.068756 0.349816
0.418822 -0.084694 0.349754
0.470937 -0.128118 0.349809
0.370610 -0.073455 0.349778
0.305310 -0.031261 0.349729
0.277942 -0.045782 0.349780
0.417032 -0.139630 0.349802
0.323038 -0.106719 0.349800
0.356546 -0.156330 0.349798
0.275884 -0.009765 0.349789
0.362068 -0.036450 0.349815
0.421185 -0.024699 0.349811
0.420866 -0.013050 0.349826
0.353208 0.049709 0.349813
0.348327 0.012864 0.349809
0.410031 -0.156879 0.349784
0.486686 -0.106658 0.349816
0.431680 -0.095547 0.349815
0.443759 0.040089 0.349814
0.287598 -0.004039 0.349797
0.418823 -0.080467 0.349763
0.270599 -0.122298 0.349802
0.374670 0.012132 0.349798
0.336328 -0.033781 0.349763
0.259389 -0.050039 0.349757
0.389830 -0.104171 0.349781
0.421393 -0.112528 0.349805
0.440539 -0.053898 0.349814
0.290837 -0.023466 0.349808
0.385083 0.003447 0.349807
0.480196 -0.142158 0.349766
0.277197 0.018916 0.349797
0.298064 -0.164816 0.349789
0.359421 -0.064303 0.349810
0.435270 -0.018672 0.349833
0.358387 -0.131814 0.349780
0.253954 -0.048018 0.349782
0.493548 -0.183918 0.349757
0.408958 -0.073980 0.349806
0.268050 0.002430 0.349811
0.454932 0.039787 0.349816
0.383947 -0.136207 0.349792
0.448997 -0.169064 0.349783
0.489601 0.033427 0.349818
0.292606 -0.101210 0.349808
0.315005 -0.028745 0.349817
0.313193 -0.131383 0.349818
0.448810 -0.073750 0.349812
0.450840 -0.125125 0.349798
0.382510 -0.091774 0.349810
0.453882 -0.125822 0.349777
0.331296 -0.058058 0.349801
0.411383 -0.164139 0.349780
0.254264 -0.060067 0.349781
0.358042 -0.198797 0.349576
0.494643 -0.151075 0.349791
0.382210 0.017117 0.349812
0.360431 -0.006522 0.349792
0.355362 -0.014619 0.349818
0.327627 -0.044104 0.349801
0.325252 -0.125203 0.349772
0.317409 -0.063018 0.349788
0.339860 -0.073614 0.349815
0.338097 0.059285 0.349809
0.291456 0.010312 0.349778
0.328767 -0.103693 0.349815
0.372401 -0.036762 0.349809
0.436261 -0.140976 0.349742
0.325954 -0.087465 0.349807
0.371441 -0.138119 0.349745
0.351436 -0.110749 0.349815
0.321145 -0.163613 0.349785
0.326885 -0.105208 0.349795
0.490115 -0.133981 0.349768
0.428777 -0.037980 0.349818
0.271995 0.034278 0.349808
0.283902 -0.114574 0.349807
0.321184 -0.006519 0.349789
0.466028 -0.159740 0.349772
0.459285 -0.090651 0.349809
0.262600 -0.068471 0.349799
0.380968 -0.030451 0.349793
0.261259 0.041150 0.349805
0.297187 -0.007900 0.349809
0.298746 -0.056730 0.349820
0.316611 -0.007698 0.349818
0.307148 -0.008140 0.349815
0.303268 -0.134316 0.349752
0.353317 0.012608 0.349818
0.326828 -0.038284 0.349814
0.245195 0.004721 0.349741
0.334557 -0.234593 0.349571
0.379864 0.044788 0.349777
0.326070 -0.072534 0.349813
0.397495 0.010232 0.349791
0.387896 -0.034849 0.349814
0.440218 -0.083870 0.349743
0.389681 -0.125767 0.349815
0.327251 -0.055918 0.349809
0.282469 -0.005980 0.349817
0.418211 -0.183685 0.349755
0.386169 -0.072550 0.349812
0.386533 -0.108033 0.349817
0.428854 -0.120186 0.349816
0.250226 0.020411 0.349783
0.387888 -0.139139 0.349813
0.319841 0.011133 0.349812
0.308347 -0.158382 0.349785
0.298993 -0.076353 0.349654
0.246384 -0.141685 0.349816
0.362087 -0.129376 0.349738
0.254921 -0.066074 0.349758
0.331115 0.039782 0.349807
0.306299 -0.025995 0.349797
0.353719 0.016645 0.349826
0.423972 0.010046 0.349787
0.428185 -0.119749 0.349811
0.276746 -0.061006 0.349811
0.288079 -0.027145 0.349800
0.355329 -0.122805 0.349811
0.299951 0.016399 0.349819
0.439843 0.033237 0.349806
0.246143 -0.151317 0.349747
0.294804 -0.079687 0.349761
0.267998 0.047896 0.349817
0.377713 -0.025192 0.349812
0.461728 -0.174443 0.349770
0.405018 -0.122826 0.349776
0.412499 -0.027568 0.349775
0.449403 -0.069674 0.349819
0.327518 -0.035987 0.349765
0.286461 -0.044354 0.349817
0.278583 -0.144185 0.349813
0.346788 -0.079205 0.349815
0.343951 -0.016720 0.349714
0.279053 -0.025345 0.349726
0.313602 -0.020403 0.349779
0.294493 0.043127 0.349796
0.307899 -0.148307 0.349800
0.268297 0.044587 0.349811
0.295497 -0.092504 0.349803
0.359245 -0.068998 0.349797
0.386261 -0.070003 0.349813
0.247980 -0.034103 0.349801
0.390235 -0.056502 0.349804
0.347327 -0.078873 0.349811
0.359754 -0.067004 0.349773
0.323493 -0.024415 0.349813
0.307052 -0.041831 0.349818
0.356085 -0.133569 0.349802
0.292001 -0.120847 0.349809
0.415868 -0.132970 0.349811
0.270268 0.052303 0.349811
0.390919 -0.030609 0.349818
0.333158 -0.017951 0.349806
0.486096 -0.042254 0.349819
0.422137 -0.019908 0.349818
0.343619 -0.086049 0.349778
0.295265 -0.063762 0.349735
0.330742 -0.007100 0.349815
0.386281 -0.142163 0.349778
0.210744 -0.191682 0.349600
0.295080 -0.034296 0.349815
0.296293 0.006449 0.349812
0.397891 -0.018602 0.349790
0.298683 -0.047412 0.349814
0.399952 -0.098881 0.349779
0.275580 -0.113733 0.349816
0.332126 0.008469 0.349814
0.308455 -0.090568 0.349790
0.353712 -0.119828 0.349812
0.273557 -0.085001 0.349809
0.441222 -0.162141 0.349749
0.348342 -0.091934 0.349808
0.243706 -0.011280 0.349775
0.439937 -0.101552 0.349787
0.245397 -0.186866 0.349631
0.328120 0.050339 0.349813
0.295933 0.024022 0.349800
0.276177 -0.150519 0.349817
0.321790 -0.135340 0.349817
0.453791 -0.150281 0.349816
0.453795 -0.159772 0.349799
0.361155 -0.008985 0.349802
0.340862 -0.006378 0.349751
0.442213 0.001048 0.349796
0.385450 -0.099304 0.349806
-0.144953 -0.674637 0.348639
0.443694 -0.069545 0.349786
0.311983 -0.025863 0.349787
0.456631 -0.015727 0.349787
0.355412 -0.061873 0.349810
0.348261 -0.101273 0.349811
0.255067 0.020546 0.349773
0.283983 -0.037345 0.349812
0.383056 0.042317 0.349802
0.339011 -0.104340 0.349814
0.365890 -0.112127 0.349815
0.285660 0.026684 0.349805
0.385017 0.010565 0.349802
0.275723 0.029438 0.349815
0.370116 -0.054995 0.349817
0.284720 -0.069089 0.349812
0.355303 -0.238198 0.349557
0.434854 -0.082726 0.349804
0.466337 -0.002557 0.349806
0.413405 -0.072956 0.349827
0.280287 -0.014411 0.349805
0.306731 -0.070766 0.349794
0.290562 0.017862 0.349799
0.331263 -0.054123 0.349809
0.420898 0.002671 0.349817
0.303600 0.001080 0.349818
0.430196 -0.136360 0.349773
0.372275 0.022054 0.349792
0.364764 -0.024927 0.349792
0.299462 -0.095130 0.349787
0.280583 -0.046885 0.349817
0.411757 -0.033064 0.349818
0.354783 0.021632 0.349819
0.297132 -0.045379 0.349796
0.299343 -0.024558 0.349778
0.394177 0.004536 0.349817
0.446666 -0.150618 0.349814
0.378748 -0.068884 0.349793
0.463912 -0.033391 0.349805
-0.183967 -0.488852 0.348713
0.412090 -0.067042 0.349801
0.325253 0.024051 0.349811
0.369851 -0.009129 0.349763
0.327587 0.045487 0.349760
0.341435 -0.147915 0.349798
0.406049 -0.151641 0.349809
0.428254 -0.105807 0.349744
0.375725 0.023285 0.349799
0.387878 -0.080387 0.349823
0.283405 -0.139474 0.349732
0.228418 -0.030561 0.349672
0.367152 -0.101720 0.349813
0.298892 0.049164 0.349806
0.397819 -0.011690 0.349812
0.302947 -0.024167 0.349785
0.396259 -0.125274 0.349795
0.302181 -0.082884 0.349715
0.410110 -0.121637 0.349772
0.364305 -0.145721 0.349813
0.300331 -0.057323 0.349806
0.322716 -0.071135 0.349816
0.348763 -0.059245 0.349808
0.359366 0.029628 0.349812
0.310013 -0.068057 0.349809
0.313967 0.025936 0.349818
0.339856 -0.040233 0.349817
0.274427 -0.015451 0.349797
0.438905 -0.117870 0.349801
0.274827 -0.005885 0.349696
0.293056 0.030703 0.349808
0.313814 -0.050482 0.349813
0.436782 -0.085918 0.349831
0.482921 0.012433 0.349810
0.363461 -0.016975 0.349815
0.358125 -0.162149 0.349764
0.369840 -0.135309 0.349809
0.286288 0.034226 0.349815
0.374241 -0.138686 0.349669
0.294405 -0.099831 0.349795
0.349770 -0.031632 0.349818
0.308964 -0.047778 0.349783
0.432702 -0.037056 0.349810
0.391065 -0.033784 0.349818
0.382616 -0.019121 0.349819
0.335335 0.001618 0.349803
0.345132 0.001676 0.349804
0.398954 -0.145092 0.349822
0.312845 -0.051173 0.349815
0.279783 -0.002445 0.349812
0.376648 -0.096612 0.349825
0.333158 -0.152881 0.349808
0.402905 -0.043965 0.349815
0.355537 0.001981 0.349767
0.317846 -0.057977 0.349816
0.300992 -0.070885 0.349821
0.290129 0.022665 0.349815
0.408698 -0.020502 0.349797
0.384917 -0.119239 0.349816
0.386431 -0.102736 0.349794
0.272481 -0.061597 0.349773
0.331096 -0.133221 0.349809
0.453150 -0.116640 0.349810
0.397162 -0.067692 0.349818
0.338035 -0.018590 0.349793
0.268143 0.014155 0.349743
0.340251 -0.130006 0.349800
0.290366 -0.055659 0.349803
0.389982 0.009567 0.349812
0.390200 -0.055723 0.349816
0.250717 0.018371 0.349774
0.466671 -0.155007 0.349807
0.467364 0.037555 0.349816
0.280812 0.001600 0.349806
0.386316 -0.046833 0.349768
0.279233 -0.101744 0.349815
0.283493 -0.012015 0.349789
0.364179 -0.167898 0.349747
0.431296 -0.111892 0.349807
0.264093 -0.040089 0.349814
0.318081 -0.122624 0.349818
0.292898 -0.130886 0.349810
0.434989 -0.070311 0.349796
0.277334 -0.102430 0.349805
0.454747 -0.151935 0.349820
0.416067 0.026582 0.349818
0.316853 0.016297 0.349797
0.299736 -0.122615 0.349688
0.394070 0.037043 0.349784
0.409587 -0.055124 0.349804
0.323820 -0.043622 0.349790
0.377189 -0.110280 0.349808
0.414225 0.014690 0.349817
0.375253 -0.082149 0.349794
0.463359 -0.134719 0.349806
0.386894 -0.070121 0.349791
0.363475 0.048325 0.349801
0.286827 -0.041290 0.349806
0.286516 0.033507 0.349810
0.298795 0.019368 0.349819
0.356079 -0.112468 0.349816
0.321682 -0.062883 0.349799
0.438962 -0.143592 0.349801
0.365546 -0.045782 0.349815
0.395534 0.014596 0.349805
0.272146 -0.047321 0.349789
0.456050 -0.140293 0.349811
0.338264 -0.047453 0.349817
0.488022 -0.087835 0.349813
0.305686 -0.032756 0.349790
0.266602 -0.044544 0.349816
0.403436 0.054875 0.349815
0.249180 -0.144484 0.349775
0.345667 -0.122750 0.349841
0.492548 -0.146662 0.349803
0.268117 0.037661 0.349812
0.375551 -0.036974 0.349803
0.371468 -0.040164 0.349811
0.358481 -0.035006 0.349810
0.322236 -0.066368 0.349796
0.433031 -0.052090 0.349816
0.395787 -0.039231 0.349800
0.244213 -0.001301 0.349812
0.363964 -0.046468 0.349772
0.375937 0.019135 0.349809
0.295947 -0.108063 0.349817
0.372320 -0.001329 0.349763
0.261811 -0.017898 0.349800
0.254709 -0.000994 0.349806
0.464423 -0.067992 0.349796
0.281651 -0.014637 0.349814
0.318630 -0.009544 0.349815
0.287104 -0.123596 0.349811
0.299069 -0.059436 0.349815
0.361989 -0.052971 0.349813
0.296418 0.031803 0.349772
0.289977 -0.149496 0.349809
0.353135 -0.102393 0.349805
0.460502 -0.073702 0.349817
0.333972 -0.041332 0.349754
0.280648 0.021754 0.349802
0.253890 0.054798 0.349815
0.284823 -0.105624 0.349819
0.349798 -0.032629 0.349809
0.399678 -0.076474 0.349807
0.293467 -0.134225 0.349804
0.301820 0.039748 0.349810
0.290939 -0.064312 0.349818
0.346671 -0.079080 0.349817
0.351110 -0.022758 0.349784
0.335092 -0.083193 0.349817
0.299055 0.018119 0.349812
0.401010 -0.079591 0.349812
0.452382 0.008034 0.349813
0.342502 -0.091376 0.349787
0.409478 0.015924 0.349812
0.313776 0.035237 0.349839
0.408637 -0.104135 0.349818
0.283451 0.019034 0.349817
0.397910 -0.074455 0.349801
0.362031 -0.155323 0.349801
0.420050 -0.082907 0.349794
0.307622 -0.055761 0.349816
0.310813 -0.131066 0.349823
0.362943 0.032847 0.349802
0.484939 0.029806 0.349788
0.462078 0.022411 0.349787
0.407944 -0.132970 0.349814
0.289929 0.014254 0.349783
0.427375 0.050205 0.349817
0.285061 -0.167277 0.349678
0.386064 -0.136747 0.349775
0.296114 -0.072698 0.349806
0.501968 -0.148715 0.349818
0.358726 -0.071689 0.349818
0.366557 -0.152662 0.349812
0.327947 -0.141201 0.349813
0.391048 -0.061314 0.349786
0.287434 0.032606 0.349812
0.451886 -0.121309 0.349764
0.428411 -0.073293 0.349765
0.314181 -0.005966 0.349800
0.304137 0.009751 0.349809
0.376072 -0.070561 0.349762
0.405414 -0.110466 0.349763
0.394326 -0.082622 0.349815
0.340169 0.016736 0.349782
0.312079 -0.085773 0.349802
0.338677 -0.023693 0.349813
0.328976 -0.131225 0.349804
0.266338 0.013131 0.349812
0.211403 0.000192 0.349741
0.315849 -0.099464 0.349807
0.361339 -0.127341 0.349815
0.312041 -0.047604 0.349772
0.304808 -0.001914 0.349752
0.262201 -0.044465 0.349740
0.331767 0.047056 0.349816
0.375174 -0.079101 0.349792
0.444373 -0.081520 0.349771
0.248293 -0.113418 0.349744
0.404302 -0.005210 0.349815
0.276733 -0.130770 0.349800
0.351794 -0.051853 0.349786
0.312100 0.048998 0.349813
0.283314 -0.096008 0.349773
0.474103 -0.047868 0.349798
0.366570 -0.012545 0.349806
0.363647 -0.054736 0.349787
0.336934 -0.045320 0.349791
0.390237 -0.153932 0.349810
0.354569 0.009543 0.349814
0.370447 -0.055557 0.349812
0.304416 -0.012332 0.349794
0.383506 -0.098734 0.349811
0.431270 0.000135 0.349816
0.393170 0.009277 0.349811
0.321851 0.036077 0.349813
0.308599 -0.009602 0.349799
0.420218 -0.123691 0.349777
0.361593 -0.103087 0.349756
0.451020 -0.154127 0.349803
0.308012 -0.020321 0.349813
0.339317 -0.027022 0.349798
0.308217 -0.159005 0.349778
0.349635 -0.144698 0.349743
0.366743 -0.125062 0.349779
0.267406 -0.046999 0.349777
0.331894 -0.127922 0.349758
0.366893 -0.116774 0.349807
0.304884 -0.062080 0.349797
0.422329 -0.175411 0.349760
0.311647 -0.059859 0.349813
0.350280 -0.025828 0.349819
0.321840 -0.115102 0.349817
0.421582 -0.053863 0.349797
0.423347 -0.003738 0.349812
0.351922 -0.135674 0.349793
0.347069 -0.014687 0.349818
0.446536 -0.080288 0.349791
0.378562 -0.197806 0.349671
0.281132 -0.044511 0.349803
0.362436 -0.149081 0.349812
0.237215 0.025882 0.349784
0.340654 -0.040159 0.349744
0.315742 -0.080047 0.349783
0.306629 -0.022502 0.349813
0.273142 -0.073421 0.349804
0.463189 -0.099564 0.349800
0.244226 -0.027465 0.349770
0.379235 -0.085112 0.349738
0.332890 -0.063176 0.349805
0.453544 0.035203 0.349819
0.449001 -0.087243 0.349784
0.253258 -0.005856 0.349766
0.345650 0.012685 0.349804
0.456768 -0.065200 0.349817
0.236201 0.028897 0.349769
0.366784 -0.044114 0.349806
0.354722 0.025384 0.349813
0.314674 -0.109321 0.349820
0.375111 -0.106326 0.349785
0.388059 -0.148054 0.349774
0.355231 -0.145784 0.349807
0.496133 -0.012907 0.349776
0.358442 -0.048269 0.349817
0.461722 0.029847 0.349804
0.378307 -0.148300 0.349815
0.298733 -0.189442 0.349712
0.327400 0.033894 0.349811
0.326790 0.025713 0.349801
0.435660 -0.093730 0.349813
0.460160 0.002748 0.349774
0.366800 0.008823 0.349770
0.022202 -0.480867 0.349113
0.314055 -0.105344 0.349712
0.419418 0.024408 0.349809
0.406124 -0.038057 0.349805
0.263478 -0.148803 0.349726
0.338733 -0.109969 0.349791
0.353277 -0.080903 0.349837
0.397955 -0.152116 0.349775
0.314796 -0.009470 0.349773
0.344552 0.032840 0.349809
0.243532 -0.219575 0.349548
0.448754 -0.098552 0.349804
0.170107 -0.217772 0.349598
0.334415 -0.059880 0.349753
0.410342 -0.143603 0.349812
0.341868 -0.119979 0.349810
0.332439 0.001181 0.349812
0.276096 -0.091081 0.349807
0.275719 0.001439 0.349814
0.214576 -0.025169 0.349774
0.320012 -0.013236 0.349763
0.291051 0.014475 0.349816
0.423139 0.018179 0.349822
0.495644 -0.037369 0.349820
0.374616 0.039655 0.349813
0.299490 -0.139979 0.349807
0.320013 -0.063519 0.349786
0.467473 -0.097356 0.349811
0.322770 0.027562 0.349781
0.429801 -0.067817 0.349808
0.278850 0.016504 0.349803
0.381438 -0.096432 0.349819
0.322306 -0.008560 0.349818
0.446772 -0.142696 0.349811
0.334428 -0.025243 0.349782
0.365956 -0.058818 0.349776
0.284726 -0.026130 0.349761
0.464449 -0.130807 0.349784
0.455949 -0.079829 0.349793
0.364451 -0.119456 0.349803
0.386048 -0.082465 0.349805
0.343957 -0.113730 0.349778
0.273573 -0.020790 0.349818
0.255266 -0.099082 0.349731
0.341739 -0.162699 0.349711
0.263756 0.028944 0.349813
0.488112 -0.015223 0.349754
0.401802 -0.011984 0.349795
0.344058 -0.066681 0.349815
0.341198 -0.139310 0.349814
0.281234 -0.015544 0.349765
0.355986 -0.124091 0.349732
0.358737 0.049657 0.349799
0.233323 0.029040 0.349807
0.289095 0.013055 0.349819
0.282519 -0.109156 0.349809
0.338959 -0.081731 0.349802
0.344650 -0.044054 0.349720
0.386665 -0.101269 0.349802
0.457071 -0.137595 0.349774
0.383059 0.036910 0.349799
0.413018 0.025916 0.349791
0.473654 -0.040401 0.349817
0.080536 -0.297515 0.349162
0.302156 0.015765 0.349801
0.285745 -0.116132 0.349811
0.261518 -0.033590 0.349818
0.316965 -0.111048 0.349817
0.305361 -0.009645 0.349786
0.308712 -0.106049 0.349754
0.349055 -0.114460 0.349668
0.290344 -0.044202 0.349793
0.281006 -0.133572 0.349814
0.325725 -0.143224 0.349792
0.376621 -0.125876 0.349827
0.444819 -0.089790 0.349809
0.275173 -0.035658 0.349787
0.266553 0.011628 0.349794
0.307130 -0.036797 0.349802
0.281900 0.003161 0.349815
0.456285 -0.163427 0.349788
0.481580 -0.035283 0.349791
0.421431 -0.102606 0.349814
-0.142277 -0.488185 0.348764
0.279343 -0.058715 0.349817
0.327924 0.039246 0.349812
0.405166 -0.136147 0.349817
0.360541 -0.147276 0.349815
0.269894 0.044207 0.349807
0.243129 -0.206648 0.349575
0.309465 -0.111625 0.349682
0.319918 0.034892 0.349809
0.337101 -0.023049 0.349816
0.332443 -0.169898 0.349709
0.261940 -0.066618 0.349615
-0.282053 -0.336558 0.348657
0.347077 -0.009806 0.349789
0.269713 -0.047354 0.349788
0.391568 -0.062214 0.349824
0.391621 -0.062607 0.349736
0.463584 -0.088043 0.349817
0.360024 -0.001506 0.349811
0.482166 -0.061002 0.349816
0.307257 -0.036218 0.349811
0.299948 -0.169172 0.349774
0.353054 0.024071 0.349798
-0.208215 -0.412388 0.348746
0.412553 -0.037299 0.349813
0.320093 -0.092086 0.349728
0.278074 -0.016939 0.349790
0.267338 -0.069900 0.349742
0.291166 0.029054 0.349776
0.257035 -0.128431 0.349740
0.288857 -0.095986 0.349736
0.364374 -0.053086 0.349815
0.337773 -0.202724 0.349707
0.236468 -0.074712 0.349518
0.282785 -0.017388 0.349789
0.273463 -0.031648 0.349755
0.423326 -0.125362 0.349798
0.274370 0.032434 0.349791
0.394436 -0.084654 0.349693
0.408220 -0.114995 0.349813
0.380224 -0.175193 0.349759
0.323691 -0.444507 0.349292
0.412773 -0.183111 0.349732
0.277822 -0.003697 0.349811
0.278709 -0.125860 0.349812
0.313742 0.036693 0.349797
0.400922 -0.057299 0.349800
0.286933 0.022037 0.349789
0.308017 -0.228493 0.349396
0.369495 -0.087308 0.349743
0.285073 0.010103 0.349809
0.279227 -0.008444 0.349818
0.308659 -0.152201 0.349772
0.299440 0.027924 0.349818
0.313633 0.034795 0.349793
0.292828 0.002972 0.349784
0.306363 -0.000793 0.349815
0.280834 -0.068277 0.349784
0.340768 -0.016835 0.349725
0.274026 -0.203008 0.349446
0.299558 -0.058578 0.349783
0.493840 0.042336 0.349814
0.464799 -0.099946 0.349749
0.300944 -0.003232 0.349768
0.426176 -0.351997 0.349461
0.401211 -0.079761 0.349679
0.334918 -0.027108 0.349652
0.342587 -0.103642 0.349692
0.322450 0.025907 0.349819
0.308344 0.001086 0.349775
